Name	Key	Frames	X	Y	Size
{1f004}	[0]	1	0	0	0.015625
{1f0cf}	[1]	1	0.015625	0	0.015625
{1f170}	[2]	1	0.03125	0	0.015625
{1f171}	[3]	1	0.046875	0	0.015625
{1f17e}	[4]	1	0.0625	0	0.015625
{1f17f}	[5]	1	0.078125	0	0.015625
{1f18e}	[6]	1	0.09375	0	0.015625
{1f191}	[7]	1	0.109375	0	0.015625
{1f192}	[8]	1	0.125	0	0.015625
{1f193}	[9]	1	0.140625	0	0.015625
{1f194}	[10]	1	0.15625	0	0.015625
{1f195}	[11]	1	0.171875	0	0.015625
{1f196}	[12]	1	0.1875	0	0.015625
{1f197}	[13]	1	0.203125	0	0.015625
{1f198}	[14]	1	0.21875	0	0.015625
{1f199}	[15]	1	0.234375	0	0.015625
{1f19a}	[16]	1	0.25	0	0.015625
{1f1e6-1f1e8}	[17]	1	0.265625	0	0.015625
{1f1e6-1f1e9}	[18]	1	0.28125	0	0.015625
{1f1e6-1f1ea}	[19]	1	0.296875	0	0.015625
{1f1e6-1f1eb}	[20]	1	0.3125	0	0.015625
{1f1e6-1f1ec}	[21]	1	0.328125	0	0.015625
{1f1e6-1f1ee}	[22]	1	0.34375	0	0.015625
{1f1e6-1f1f1}	[23]	1	0.359375	0	0.015625
{1f1e6-1f1f2}	[24]	1	0.375	0	0.015625
{1f1e6-1f1f4}	[25]	1	0.390625	0	0.015625
{1f1e6-1f1f6}	[26]	1	0.40625	0	0.015625
{1f1e6-1f1f7}	[27]	1	0.421875	0	0.015625
{1f1e6-1f1f8}	[28]	1	0.4375	0	0.015625
{1f1e6-1f1f9}	[29]	1	0.453125	0	0.015625
{1f1e6-1f1fa}	[30]	1	0.46875	0	0.015625
{1f1e6-1f1fc}	[31]	1	0.484375	0	0.015625
{1f1e6-1f1fd}	[32]	1	0.5	0	0.015625
{1f1e6-1f1ff}	[33]	1	0.515625	0	0.015625
{1f1e6}	[34]	1	0.53125	0	0.015625
{1f1e7-1f1e6}	[35]	1	0.546875	0	0.015625
{1f1e7-1f1e7}	[36]	1	0.5625	0	0.015625
{1f1e7-1f1e9}	[37]	1	0.578125	0	0.015625
{1f1e7-1f1ea}	[38]	1	0.59375	0	0.015625
{1f1e7-1f1eb}	[39]	1	0.609375	0	0.015625
{1f1e7-1f1ec}	[40]	1	0.625	0	0.015625
{1f1e7-1f1ed}	[41]	1	0.640625	0	0.015625
{1f1e7-1f1ee}	[42]	1	0.65625	0	0.015625
{1f1e7-1f1ef}	[43]	1	0.671875	0	0.015625
{1f1e7-1f1f1}	[44]	1	0.6875	0	0.015625
{1f1e7-1f1f2}	[45]	1	0.703125	0	0.015625
{1f1e7-1f1f3}	[46]	1	0.71875	0	0.015625
{1f1e7-1f1f4}	[47]	1	0.734375	0	0.015625
{1f1e7-1f1f6}	[48]	1	0.75	0	0.015625
{1f1e7-1f1f7}	[49]	1	0.765625	0	0.015625
{1f1e7-1f1f8}	[50]	1	0.78125	0	0.015625
{1f1e7-1f1f9}	[51]	1	0.796875	0	0.015625
{1f1e7-1f1fb}	[52]	1	0.8125	0	0.015625
{1f1e7-1f1fc}	[53]	1	0.828125	0	0.015625
{1f1e7-1f1fe}	[54]	1	0.84375	0	0.015625
{1f1e7-1f1ff}	[55]	1	0.859375	0	0.015625
{1f1e7}	[56]	1	0.875	0	0.015625
{1f1e8-1f1e6}	[57]	1	0.890625	0	0.015625
{1f1e8-1f1e8}	[58]	1	0.90625	0	0.015625
{1f1e8-1f1e9}	[59]	1	0.921875	0	0.015625
{1f1e8-1f1eb}	[60]	1	0.9375	0	0.015625
{1f1e8-1f1ec}	[61]	1	0.953125	0	0.015625
{1f1e8-1f1ed}	[62]	1	0.96875	0	0.015625
{1f1e8-1f1ee}	[63]	1	0.984375	0	0.015625
{1f1e8-1f1f0}	[64]	1	0	0.015625	0.015625
{1f1e8-1f1f1}	[65]	1	0.015625	0.015625	0.015625
{1f1e8-1f1f2}	[66]	1	0.03125	0.015625	0.015625
{1f1e8-1f1f3}	[67]	1	0.046875	0.015625	0.015625
{1f1e8-1f1f4}	[68]	1	0.0625	0.015625	0.015625
{1f1e8-1f1f5}	[69]	1	0.078125	0.015625	0.015625
{1f1e8-1f1f7}	[70]	1	0.09375	0.015625	0.015625
{1f1e8-1f1fa}	[71]	1	0.109375	0.015625	0.015625
{1f1e8-1f1fb}	[72]	1	0.125	0.015625	0.015625
{1f1e8-1f1fc}	[73]	1	0.140625	0.015625	0.015625
{1f1e8-1f1fd}	[74]	1	0.15625	0.015625	0.015625
{1f1e8-1f1fe}	[75]	1	0.171875	0.015625	0.015625
{1f1e8-1f1ff}	[76]	1	0.1875	0.015625	0.015625
{1f1e8}	[77]	1	0.203125	0.015625	0.015625
{1f1e9-1f1ea}	[78]	1	0.21875	0.015625	0.015625
{1f1e9-1f1ec}	[79]	1	0.234375	0.015625	0.015625
{1f1e9-1f1ef}	[80]	1	0.25	0.015625	0.015625
{1f1e9-1f1f0}	[81]	1	0.265625	0.015625	0.015625
{1f1e9-1f1f2}	[82]	1	0.28125	0.015625	0.015625
{1f1e9-1f1f4}	[83]	1	0.296875	0.015625	0.015625
{1f1e9-1f1ff}	[84]	1	0.3125	0.015625	0.015625
{1f1e9}	[85]	1	0.328125	0.015625	0.015625
{1f1ea-1f1e6}	[86]	1	0.34375	0.015625	0.015625
{1f1ea-1f1e8}	[87]	1	0.359375	0.015625	0.015625
{1f1ea-1f1ea}	[88]	1	0.375	0.015625	0.015625
{1f1ea-1f1ec}	[89]	1	0.390625	0.015625	0.015625
{1f1ea-1f1ed}	[90]	1	0.40625	0.015625	0.015625
{1f1ea-1f1f7}	[91]	1	0.421875	0.015625	0.015625
{1f1ea-1f1f8}	[92]	1	0.4375	0.015625	0.015625
{1f1ea-1f1f9}	[93]	1	0.453125	0.015625	0.015625
{1f1ea-1f1fa}	[94]	1	0.46875	0.015625	0.015625
{1f1ea}	[95]	1	0.484375	0.015625	0.015625
{1f1eb-1f1ee}	[96]	1	0.5	0.015625	0.015625
{1f1eb-1f1ef}	[97]	1	0.515625	0.015625	0.015625
{1f1eb-1f1f0}	[98]	1	0.53125	0.015625	0.015625
{1f1eb-1f1f2}	[99]	1	0.546875	0.015625	0.015625
{1f1eb-1f1f4}	[100]	1	0.5625	0.015625	0.015625
{1f1eb-1f1f7}	[101]	1	0.578125	0.015625	0.015625
{1f1eb}	[102]	1	0.59375	0.015625	0.015625
{1f1ec-1f1e6}	[103]	1	0.609375	0.015625	0.015625
{1f1ec-1f1e7}	[104]	1	0.625	0.015625	0.015625
{1f1ec-1f1e9}	[105]	1	0.640625	0.015625	0.015625
{1f1ec-1f1ea}	[106]	1	0.65625	0.015625	0.015625
{1f1ec-1f1eb}	[107]	1	0.671875	0.015625	0.015625
{1f1ec-1f1ec}	[108]	1	0.6875	0.015625	0.015625
{1f1ec-1f1ed}	[109]	1	0.703125	0.015625	0.015625
{1f1ec-1f1ee}	[110]	1	0.71875	0.015625	0.015625
{1f1ec-1f1f1}	[111]	1	0.734375	0.015625	0.015625
{1f1ec-1f1f2}	[112]	1	0.75	0.015625	0.015625
{1f1ec-1f1f3}	[113]	1	0.765625	0.015625	0.015625
{1f1ec-1f1f5}	[114]	1	0.78125	0.015625	0.015625
{1f1ec-1f1f6}	[115]	1	0.796875	0.015625	0.015625
{1f1ec-1f1f7}	[116]	1	0.8125	0.015625	0.015625
{1f1ec-1f1f8}	[117]	1	0.828125	0.015625	0.015625
{1f1ec-1f1f9}	[118]	1	0.84375	0.015625	0.015625
{1f1ec-1f1fa}	[119]	1	0.859375	0.015625	0.015625
{1f1ec-1f1fc}	[120]	1	0.875	0.015625	0.015625
{1f1ec-1f1fe}	[121]	1	0.890625	0.015625	0.015625
{1f1ec}	[122]	1	0.90625	0.015625	0.015625
{1f1ed-1f1f0}	[123]	1	0.921875	0.015625	0.015625
{1f1ed-1f1f2}	[124]	1	0.9375	0.015625	0.015625
{1f1ed-1f1f3}	[125]	1	0.953125	0.015625	0.015625
{1f1ed-1f1f7}	[126]	1	0.96875	0.015625	0.015625
{1f1ed-1f1f9}	[127]	1	0.984375	0.015625	0.015625
{1f1ed-1f1fa}	[128]	1	0	0.03125	0.015625
{1f1ed}	[129]	1	0.015625	0.03125	0.015625
{1f1ee-1f1e8}	[130]	1	0.03125	0.03125	0.015625
{1f1ee-1f1e9}	[131]	1	0.046875	0.03125	0.015625
{1f1ee-1f1ea}	[132]	1	0.0625	0.03125	0.015625
{1f1ee-1f1f1}	[133]	1	0.078125	0.03125	0.015625
{1f1ee-1f1f2}	[134]	1	0.09375	0.03125	0.015625
{1f1ee-1f1f3}	[135]	1	0.109375	0.03125	0.015625
{1f1ee-1f1f4}	[136]	1	0.125	0.03125	0.015625
{1f1ee-1f1f6}	[137]	1	0.140625	0.03125	0.015625
{1f1ee-1f1f7}	[138]	1	0.15625	0.03125	0.015625
{1f1ee-1f1f8}	[139]	1	0.171875	0.03125	0.015625
{1f1ee-1f1f9}	[140]	1	0.1875	0.03125	0.015625
{1f1ee}	[141]	1	0.203125	0.03125	0.015625
{1f1ef-1f1ea}	[142]	1	0.21875	0.03125	0.015625
{1f1ef-1f1f2}	[143]	1	0.234375	0.03125	0.015625
{1f1ef-1f1f4}	[144]	1	0.25	0.03125	0.015625
{1f1ef-1f1f5}	[145]	1	0.265625	0.03125	0.015625
{1f1ef}	[146]	1	0.28125	0.03125	0.015625
{1f1f0-1f1ea}	[147]	1	0.296875	0.03125	0.015625
{1f1f0-1f1ec}	[148]	1	0.3125	0.03125	0.015625
{1f1f0-1f1ed}	[149]	1	0.328125	0.03125	0.015625
{1f1f0-1f1ee}	[150]	1	0.34375	0.03125	0.015625
{1f1f0-1f1f2}	[151]	1	0.359375	0.03125	0.015625
{1f1f0-1f1f3}	[152]	1	0.375	0.03125	0.015625
{1f1f0-1f1f5}	[153]	1	0.390625	0.03125	0.015625
{1f1f0-1f1f7}	[154]	1	0.40625	0.03125	0.015625
{1f1f0-1f1fc}	[155]	1	0.421875	0.03125	0.015625
{1f1f0-1f1fe}	[156]	1	0.4375	0.03125	0.015625
{1f1f0-1f1ff}	[157]	1	0.453125	0.03125	0.015625
{1f1f0}	[158]	1	0.46875	0.03125	0.015625
{1f1f1-1f1e6}	[159]	1	0.484375	0.03125	0.015625
{1f1f1-1f1e7}	[160]	1	0.5	0.03125	0.015625
{1f1f1-1f1e8}	[161]	1	0.515625	0.03125	0.015625
{1f1f1-1f1ee}	[162]	1	0.53125	0.03125	0.015625
{1f1f1-1f1f0}	[163]	1	0.546875	0.03125	0.015625
{1f1f1-1f1f7}	[164]	1	0.5625	0.03125	0.015625
{1f1f1-1f1f8}	[165]	1	0.578125	0.03125	0.015625
{1f1f1-1f1f9}	[166]	1	0.59375	0.03125	0.015625
{1f1f1-1f1fa}	[167]	1	0.609375	0.03125	0.015625
{1f1f1-1f1fb}	[168]	1	0.625	0.03125	0.015625
{1f1f1-1f1fe}	[169]	1	0.640625	0.03125	0.015625
{1f1f1}	[170]	1	0.65625	0.03125	0.015625
{1f1f2-1f1e6}	[171]	1	0.671875	0.03125	0.015625
{1f1f2-1f1e8}	[172]	1	0.6875	0.03125	0.015625
{1f1f2-1f1e9}	[173]	1	0.703125	0.03125	0.015625
{1f1f2-1f1ea}	[174]	1	0.71875	0.03125	0.015625
{1f1f2-1f1eb}	[175]	1	0.734375	0.03125	0.015625
{1f1f2-1f1ec}	[176]	1	0.75	0.03125	0.015625
{1f1f2-1f1ed}	[177]	1	0.765625	0.03125	0.015625
{1f1f2-1f1f0}	[178]	1	0.78125	0.03125	0.015625
{1f1f2-1f1f1}	[179]	1	0.796875	0.03125	0.015625
{1f1f2-1f1f2}	[180]	1	0.8125	0.03125	0.015625
{1f1f2-1f1f3}	[181]	1	0.828125	0.03125	0.015625
{1f1f2-1f1f4}	[182]	1	0.84375	0.03125	0.015625
{1f1f2-1f1f5}	[183]	1	0.859375	0.03125	0.015625
{1f1f2-1f1f6}	[184]	1	0.875	0.03125	0.015625
{1f1f2-1f1f7}	[185]	1	0.890625	0.03125	0.015625
{1f1f2-1f1f8}	[186]	1	0.90625	0.03125	0.015625
{1f1f2-1f1f9}	[187]	1	0.921875	0.03125	0.015625
{1f1f2-1f1fa}	[188]	1	0.9375	0.03125	0.015625
{1f1f2-1f1fb}	[189]	1	0.953125	0.03125	0.015625
{1f1f2-1f1fc}	[190]	1	0.96875	0.03125	0.015625
{1f1f2-1f1fd}	[191]	1	0.984375	0.03125	0.015625
{1f1f2-1f1fe}	[192]	1	0	0.046875	0.015625
{1f1f2-1f1ff}	[193]	1	0.015625	0.046875	0.015625
{1f1f2}	[194]	1	0.03125	0.046875	0.015625
{1f1f3-1f1e6}	[195]	1	0.046875	0.046875	0.015625
{1f1f3-1f1e8}	[196]	1	0.0625	0.046875	0.015625
{1f1f3-1f1ea}	[197]	1	0.078125	0.046875	0.015625
{1f1f3-1f1eb}	[198]	1	0.09375	0.046875	0.015625
{1f1f3-1f1ec}	[199]	1	0.109375	0.046875	0.015625
{1f1f3-1f1ee}	[200]	1	0.125	0.046875	0.015625
{1f1f3-1f1f1}	[201]	1	0.140625	0.046875	0.015625
{1f1f3-1f1f4}	[202]	1	0.15625	0.046875	0.015625
{1f1f3-1f1f5}	[203]	1	0.171875	0.046875	0.015625
{1f1f3-1f1f7}	[204]	1	0.1875	0.046875	0.015625
{1f1f3-1f1fa}	[205]	1	0.203125	0.046875	0.015625
{1f1f3-1f1ff}	[206]	1	0.21875	0.046875	0.015625
{1f1f3}	[207]	1	0.234375	0.046875	0.015625
{1f1f4-1f1f2}	[208]	1	0.25	0.046875	0.015625
{1f1f4}	[209]	1	0.265625	0.046875	0.015625
{1f1f5-1f1e6}	[210]	1	0.28125	0.046875	0.015625
{1f1f5-1f1ea}	[211]	1	0.296875	0.046875	0.015625
{1f1f5-1f1eb}	[212]	1	0.3125	0.046875	0.015625
{1f1f5-1f1ec}	[213]	1	0.328125	0.046875	0.015625
{1f1f5-1f1ed}	[214]	1	0.34375	0.046875	0.015625
{1f1f5-1f1f0}	[215]	1	0.359375	0.046875	0.015625
{1f1f5-1f1f1}	[216]	1	0.375	0.046875	0.015625
{1f1f5-1f1f2}	[217]	1	0.390625	0.046875	0.015625
{1f1f5-1f1f3}	[218]	1	0.40625	0.046875	0.015625
{1f1f5-1f1f7}	[219]	1	0.421875	0.046875	0.015625
{1f1f5-1f1f8}	[220]	1	0.4375	0.046875	0.015625
{1f1f5-1f1f9}	[221]	1	0.453125	0.046875	0.015625
{1f1f5-1f1fc}	[222]	1	0.46875	0.046875	0.015625
{1f1f5-1f1fe}	[223]	1	0.484375	0.046875	0.015625
{1f1f5}	[224]	1	0.5	0.046875	0.015625
{1f1f6-1f1e6}	[225]	1	0.515625	0.046875	0.015625
{1f1f6}	[226]	1	0.53125	0.046875	0.015625
{1f1f7-1f1ea}	[227]	1	0.546875	0.046875	0.015625
{1f1f7-1f1f4}	[228]	1	0.5625	0.046875	0.015625
{1f1f7-1f1f8}	[229]	1	0.578125	0.046875	0.015625
{1f1f7-1f1fa}	[230]	1	0.59375	0.046875	0.015625
{1f1f7-1f1fc}	[231]	1	0.609375	0.046875	0.015625
{1f1f7}	[232]	1	0.625	0.046875	0.015625
{1f1f8-1f1e6}	[233]	1	0.640625	0.046875	0.015625
{1f1f8-1f1e7}	[234]	1	0.65625	0.046875	0.015625
{1f1f8-1f1e8}	[235]	1	0.671875	0.046875	0.015625
{1f1f8-1f1e9}	[236]	1	0.6875	0.046875	0.015625
{1f1f8-1f1ea}	[237]	1	0.703125	0.046875	0.015625
{1f1f8-1f1ec}	[238]	1	0.71875	0.046875	0.015625
{1f1f8-1f1ed}	[239]	1	0.734375	0.046875	0.015625
{1f1f8-1f1ee}	[240]	1	0.75	0.046875	0.015625
{1f1f8-1f1ef}	[241]	1	0.765625	0.046875	0.015625
{1f1f8-1f1f0}	[242]	1	0.78125	0.046875	0.015625
{1f1f8-1f1f1}	[243]	1	0.796875	0.046875	0.015625
{1f1f8-1f1f2}	[244]	1	0.8125	0.046875	0.015625
{1f1f8-1f1f3}	[245]	1	0.828125	0.046875	0.015625
{1f1f8-1f1f4}	[246]	1	0.84375	0.046875	0.015625
{1f1f8-1f1f7}	[247]	1	0.859375	0.046875	0.015625
{1f1f8-1f1f8}	[248]	1	0.875	0.046875	0.015625
{1f1f8-1f1f9}	[249]	1	0.890625	0.046875	0.015625
{1f1f8-1f1fb}	[250]	1	0.90625	0.046875	0.015625
{1f1f8-1f1fd}	[251]	1	0.921875	0.046875	0.015625
{1f1f8-1f1fe}	[252]	1	0.9375	0.046875	0.015625
{1f1f8-1f1ff}	[253]	1	0.953125	0.046875	0.015625
{1f1f8}	[254]	1	0.96875	0.046875	0.015625
{1f1f9-1f1e6}	[255]	1	0.984375	0.046875	0.015625
{1f1f9-1f1e8}	[256]	1	0	0.0625	0.015625
{1f1f9-1f1e9}	[257]	1	0.015625	0.0625	0.015625
{1f1f9-1f1eb}	[258]	1	0.03125	0.0625	0.015625
{1f1f9-1f1ec}	[259]	1	0.046875	0.0625	0.015625
{1f1f9-1f1ed}	[260]	1	0.0625	0.0625	0.015625
{1f1f9-1f1ef}	[261]	1	0.078125	0.0625	0.015625
{1f1f9-1f1f0}	[262]	1	0.09375	0.0625	0.015625
{1f1f9-1f1f1}	[263]	1	0.109375	0.0625	0.015625
{1f1f9-1f1f2}	[264]	1	0.125	0.0625	0.015625
{1f1f9-1f1f3}	[265]	1	0.140625	0.0625	0.015625
{1f1f9-1f1f4}	[266]	1	0.15625	0.0625	0.015625
{1f1f9-1f1f7}	[267]	1	0.171875	0.0625	0.015625
{1f1f9-1f1f9}	[268]	1	0.1875	0.0625	0.015625
{1f1f9-1f1fb}	[269]	1	0.203125	0.0625	0.015625
{1f1f9-1f1fc}	[270]	1	0.21875	0.0625	0.015625
{1f1f9-1f1ff}	[271]	1	0.234375	0.0625	0.015625
{1f1f9}	[272]	1	0.25	0.0625	0.015625
{1f1fa-1f1e6}	[273]	1	0.265625	0.0625	0.015625
{1f1fa-1f1ec}	[274]	1	0.28125	0.0625	0.015625
{1f1fa-1f1f2}	[275]	1	0.296875	0.0625	0.015625
{1f1fa-1f1f8}	[276]	1	0.3125	0.0625	0.015625
{1f1fa-1f1fe}	[277]	1	0.328125	0.0625	0.015625
{1f1fa-1f1ff}	[278]	1	0.34375	0.0625	0.015625
{1f1fa}	[279]	1	0.359375	0.0625	0.015625
{1f1fb-1f1e6}	[280]	1	0.375	0.0625	0.015625
{1f1fb-1f1e8}	[281]	1	0.390625	0.0625	0.015625
{1f1fb-1f1ea}	[282]	1	0.40625	0.0625	0.015625
{1f1fb-1f1ec}	[283]	1	0.421875	0.0625	0.015625
{1f1fb-1f1ee}	[284]	1	0.4375	0.0625	0.015625
{1f1fb-1f1f3}	[285]	1	0.453125	0.0625	0.015625
{1f1fb-1f1fa}	[286]	1	0.46875	0.0625	0.015625
{1f1fb}	[287]	1	0.484375	0.0625	0.015625
{1f1fc-1f1eb}	[288]	1	0.5	0.0625	0.015625
{1f1fc-1f1f8}	[289]	1	0.515625	0.0625	0.015625
{1f1fc}	[290]	1	0.53125	0.0625	0.015625
{1f1fd-1f1f0}	[291]	1	0.546875	0.0625	0.015625
{1f1fd}	[292]	1	0.5625	0.0625	0.015625
{1f1fe-1f1ea}	[293]	1	0.578125	0.0625	0.015625
{1f1fe-1f1f9}	[294]	1	0.59375	0.0625	0.015625
{1f1fe}	[295]	1	0.609375	0.0625	0.015625
{1f1ff-1f1e6}	[296]	1	0.625	0.0625	0.015625
{1f1ff-1f1f2}	[297]	1	0.640625	0.0625	0.015625
{1f1ff-1f1fc}	[298]	1	0.65625	0.0625	0.015625
{1f1ff}	[299]	1	0.671875	0.0625	0.015625
{1f201}	[300]	1	0.6875	0.0625	0.015625
{1f202}	[301]	1	0.703125	0.0625	0.015625
{1f21a}	[302]	1	0.71875	0.0625	0.015625
{1f22f}	[303]	1	0.734375	0.0625	0.015625
{1f232}	[304]	1	0.75	0.0625	0.015625
{1f233}	[305]	1	0.765625	0.0625	0.015625
{1f234}	[306]	1	0.78125	0.0625	0.015625
{1f235}	[307]	1	0.796875	0.0625	0.015625
{1f236}	[308]	1	0.8125	0.0625	0.015625
{1f237}	[309]	1	0.828125	0.0625	0.015625
{1f238}	[310]	1	0.84375	0.0625	0.015625
{1f239}	[311]	1	0.859375	0.0625	0.015625
{1f23a}	[312]	1	0.875	0.0625	0.015625
{1f250}	[313]	1	0.890625	0.0625	0.015625
{1f251}	[314]	1	0.90625	0.0625	0.015625
{1f300}	[315]	1	0.921875	0.0625	0.015625
{1f301}	[316]	1	0.9375	0.0625	0.015625
{1f302}	[317]	1	0.953125	0.0625	0.015625
{1f303}	[318]	1	0.96875	0.0625	0.015625
{1f304}	[319]	1	0.984375	0.0625	0.015625
{1f305}	[320]	1	0	0.078125	0.015625
{1f306}	[321]	1	0.015625	0.078125	0.015625
{1f307}	[322]	1	0.03125	0.078125	0.015625
{1f308}	[323]	1	0.046875	0.078125	0.015625
{1f309}	[324]	1	0.0625	0.078125	0.015625
{1f30a}	[325]	1	0.078125	0.078125	0.015625
{1f30b}	[326]	1	0.09375	0.078125	0.015625
{1f30c}	[327]	1	0.109375	0.078125	0.015625
{1f30d}	[328]	1	0.125	0.078125	0.015625
{1f30e}	[329]	1	0.140625	0.078125	0.015625
{1f30f}	[330]	1	0.15625	0.078125	0.015625
{1f310}	[331]	1	0.171875	0.078125	0.015625
{1f311}	[332]	1	0.1875	0.078125	0.015625
{1f312}	[333]	1	0.203125	0.078125	0.015625
{1f313}	[334]	1	0.21875	0.078125	0.015625
{1f314}	[335]	1	0.234375	0.078125	0.015625
{1f315}	[336]	1	0.25	0.078125	0.015625
{1f316}	[337]	1	0.265625	0.078125	0.015625
{1f317}	[338]	1	0.28125	0.078125	0.015625
{1f318}	[339]	1	0.296875	0.078125	0.015625
{1f319}	[340]	1	0.3125	0.078125	0.015625
{1f31a}	[341]	1	0.328125	0.078125	0.015625
{1f31b}	[342]	1	0.34375	0.078125	0.015625
{1f31c}	[343]	1	0.359375	0.078125	0.015625
{1f31d}	[344]	1	0.375	0.078125	0.015625
{1f31e}	[345]	1	0.390625	0.078125	0.015625
{1f31f}	[346]	1	0.40625	0.078125	0.015625
{1f320}	[347]	1	0.421875	0.078125	0.015625
{1f321}	[348]	1	0.4375	0.078125	0.015625
{1f324}	[349]	1	0.453125	0.078125	0.015625
{1f325}	[350]	1	0.46875	0.078125	0.015625
{1f326}	[351]	1	0.484375	0.078125	0.015625
{1f327}	[352]	1	0.5	0.078125	0.015625
{1f328}	[353]	1	0.515625	0.078125	0.015625
{1f329}	[354]	1	0.53125	0.078125	0.015625
{1f32a}	[355]	1	0.546875	0.078125	0.015625
{1f32b}	[356]	1	0.5625	0.078125	0.015625
{1f32c}	[357]	1	0.578125	0.078125	0.015625
{1f32d}	[358]	1	0.59375	0.078125	0.015625
{1f32e}	[359]	1	0.609375	0.078125	0.015625
{1f32f}	[360]	1	0.625	0.078125	0.015625
{1f330}	[361]	1	0.640625	0.078125	0.015625
{1f331}	[362]	1	0.65625	0.078125	0.015625
{1f332}	[363]	1	0.671875	0.078125	0.015625
{1f333}	[364]	1	0.6875	0.078125	0.015625
{1f334}	[365]	1	0.703125	0.078125	0.015625
{1f335}	[366]	1	0.71875	0.078125	0.015625
{1f336}	[367]	1	0.734375	0.078125	0.015625
{1f337}	[368]	1	0.75	0.078125	0.015625
{1f338}	[369]	1	0.765625	0.078125	0.015625
{1f339}	[370]	1	0.78125	0.078125	0.015625
{1f33a}	[371]	1	0.796875	0.078125	0.015625
{1f33b}	[372]	1	0.8125	0.078125	0.015625
{1f33c}	[373]	1	0.828125	0.078125	0.015625
{1f33d}	[374]	1	0.84375	0.078125	0.015625
{1f33e}	[375]	1	0.859375	0.078125	0.015625
{1f33f}	[376]	1	0.875	0.078125	0.015625
{1f340}	[377]	1	0.890625	0.078125	0.015625
{1f341}	[378]	1	0.90625	0.078125	0.015625
{1f342}	[379]	1	0.921875	0.078125	0.015625
{1f343}	[380]	1	0.9375	0.078125	0.015625
{1f344}	[381]	1	0.953125	0.078125	0.015625
{1f345}	[382]	1	0.96875	0.078125	0.015625
{1f346}	[383]	1	0.984375	0.078125	0.015625
{1f347}	[384]	1	0	0.09375	0.015625
{1f348}	[385]	1	0.015625	0.09375	0.015625
{1f349}	[386]	1	0.03125	0.09375	0.015625
{1f34a}	[387]	1	0.046875	0.09375	0.015625
{1f34b}	[388]	1	0.0625	0.09375	0.015625
{1f34c}	[389]	1	0.078125	0.09375	0.015625
{1f34d}	[390]	1	0.09375	0.09375	0.015625
{1f34e}	[391]	1	0.109375	0.09375	0.015625
{1f34f}	[392]	1	0.125	0.09375	0.015625
{1f350}	[393]	1	0.140625	0.09375	0.015625
{1f351}	[394]	1	0.15625	0.09375	0.015625
{1f352}	[395]	1	0.171875	0.09375	0.015625
{1f353}	[396]	1	0.1875	0.09375	0.015625
{1f354}	[397]	1	0.203125	0.09375	0.015625
{1f355}	[398]	1	0.21875	0.09375	0.015625
{1f356}	[399]	1	0.234375	0.09375	0.015625
{1f357}	[400]	1	0.25	0.09375	0.015625
{1f358}	[401]	1	0.265625	0.09375	0.015625
{1f359}	[402]	1	0.28125	0.09375	0.015625
{1f35a}	[403]	1	0.296875	0.09375	0.015625
{1f35b}	[404]	1	0.3125	0.09375	0.015625
{1f35c}	[405]	1	0.328125	0.09375	0.015625
{1f35d}	[406]	1	0.34375	0.09375	0.015625
{1f35e}	[407]	1	0.359375	0.09375	0.015625
{1f35f}	[408]	1	0.375	0.09375	0.015625
{1f360}	[409]	1	0.390625	0.09375	0.015625
{1f361}	[410]	1	0.40625	0.09375	0.015625
{1f362}	[411]	1	0.421875	0.09375	0.015625
{1f363}	[412]	1	0.4375	0.09375	0.015625
{1f364}	[413]	1	0.453125	0.09375	0.015625
{1f365}	[414]	1	0.46875	0.09375	0.015625
{1f366}	[415]	1	0.484375	0.09375	0.015625
{1f367}	[416]	1	0.5	0.09375	0.015625
{1f368}	[417]	1	0.515625	0.09375	0.015625
{1f369}	[418]	1	0.53125	0.09375	0.015625
{1f36a}	[419]	1	0.546875	0.09375	0.015625
{1f36b}	[420]	1	0.5625	0.09375	0.015625
{1f36c}	[421]	1	0.578125	0.09375	0.015625
{1f36d}	[422]	1	0.59375	0.09375	0.015625
{1f36e}	[423]	1	0.609375	0.09375	0.015625
{1f36f}	[424]	1	0.625	0.09375	0.015625
{1f370}	[425]	1	0.640625	0.09375	0.015625
{1f371}	[426]	1	0.65625	0.09375	0.015625
{1f372}	[427]	1	0.671875	0.09375	0.015625
{1f373}	[428]	1	0.6875	0.09375	0.015625
{1f374}	[429]	1	0.703125	0.09375	0.015625
{1f375}	[430]	1	0.71875	0.09375	0.015625
{1f376}	[431]	1	0.734375	0.09375	0.015625
{1f377}	[432]	1	0.75	0.09375	0.015625
{1f378}	[433]	1	0.765625	0.09375	0.015625
{1f379}	[434]	1	0.78125	0.09375	0.015625
{1f37a}	[435]	1	0.796875	0.09375	0.015625
{1f37b}	[436]	1	0.8125	0.09375	0.015625
{1f37c}	[437]	1	0.828125	0.09375	0.015625
{1f37d}	[438]	1	0.84375	0.09375	0.015625
{1f37e}	[439]	1	0.859375	0.09375	0.015625
{1f37f}	[440]	1	0.875	0.09375	0.015625
{1f380}	[441]	1	0.890625	0.09375	0.015625
{1f381}	[442]	1	0.90625	0.09375	0.015625
{1f382}	[443]	1	0.921875	0.09375	0.015625
{1f383}	[444]	1	0.9375	0.09375	0.015625
{1f384}	[445]	1	0.953125	0.09375	0.015625
{1f385-1f3fb}	[446]	1	0.96875	0.09375	0.015625
{1f385-1f3fc}	[447]	1	0.984375	0.09375	0.015625
{1f385-1f3fd}	[448]	1	0	0.109375	0.015625
{1f385-1f3fe}	[449]	1	0.015625	0.109375	0.015625
{1f385-1f3ff}	[450]	1	0.03125	0.109375	0.015625
{1f385}	[451]	1	0.046875	0.109375	0.015625
{1f386}	[452]	1	0.0625	0.109375	0.015625
{1f387}	[453]	1	0.078125	0.109375	0.015625
{1f388}	[454]	1	0.09375	0.109375	0.015625
{1f389}	[455]	1	0.109375	0.109375	0.015625
{1f38a}	[456]	1	0.125	0.109375	0.015625
{1f38b}	[457]	1	0.140625	0.109375	0.015625
{1f38c}	[458]	1	0.15625	0.109375	0.015625
{1f38d}	[459]	1	0.171875	0.109375	0.015625
{1f38e}	[460]	1	0.1875	0.109375	0.015625
{1f38f}	[461]	1	0.203125	0.109375	0.015625
{1f390}	[462]	1	0.21875	0.109375	0.015625
{1f391}	[463]	1	0.234375	0.109375	0.015625
{1f392}	[464]	1	0.25	0.109375	0.015625
{1f393}	[465]	1	0.265625	0.109375	0.015625
{1f396}	[466]	1	0.28125	0.109375	0.015625
{1f397}	[467]	1	0.296875	0.109375	0.015625
{1f399}	[468]	1	0.3125	0.109375	0.015625
{1f39a}	[469]	1	0.328125	0.109375	0.015625
{1f39b}	[470]	1	0.34375	0.109375	0.015625
{1f39e}	[471]	1	0.359375	0.109375	0.015625
{1f39f}	[472]	1	0.375	0.109375	0.015625
{1f3a0}	[473]	1	0.390625	0.109375	0.015625
{1f3a1}	[474]	1	0.40625	0.109375	0.015625
{1f3a2}	[475]	1	0.421875	0.109375	0.015625
{1f3a3}	[476]	1	0.4375	0.109375	0.015625
{1f3a4}	[477]	1	0.453125	0.109375	0.015625
{1f3a5}	[478]	1	0.46875	0.109375	0.015625
{1f3a6}	[479]	1	0.484375	0.109375	0.015625
{1f3a7}	[480]	1	0.5	0.109375	0.015625
{1f3a8}	[481]	1	0.515625	0.109375	0.015625
{1f3a9}	[482]	1	0.53125	0.109375	0.015625
{1f3aa}	[483]	1	0.546875	0.109375	0.015625
{1f3ab}	[484]	1	0.5625	0.109375	0.015625
{1f3ac}	[485]	1	0.578125	0.109375	0.015625
{1f3ad}	[486]	1	0.59375	0.109375	0.015625
{1f3ae}	[487]	1	0.609375	0.109375	0.015625
{1f3af}	[488]	1	0.625	0.109375	0.015625
{1f3b0}	[489]	1	0.640625	0.109375	0.015625
{1f3b1}	[490]	1	0.65625	0.109375	0.015625
{1f3b2}	[491]	1	0.671875	0.109375	0.015625
{1f3b3}	[492]	1	0.6875	0.109375	0.015625
{1f3b4}	[493]	1	0.703125	0.109375	0.015625
{1f3b5}	[494]	1	0.71875	0.109375	0.015625
{1f3b6}	[495]	1	0.734375	0.109375	0.015625
{1f3b7}	[496]	1	0.75	0.109375	0.015625
{1f3b8}	[497]	1	0.765625	0.109375	0.015625
{1f3b9}	[498]	1	0.78125	0.109375	0.015625
{1f3ba}	[499]	1	0.796875	0.109375	0.015625
{1f3bb}	[500]	1	0.8125	0.109375	0.015625
{1f3bc}	[501]	1	0.828125	0.109375	0.015625
{1f3bd}	[502]	1	0.84375	0.109375	0.015625
{1f3be}	[503]	1	0.859375	0.109375	0.015625
{1f3bf}	[504]	1	0.875	0.109375	0.015625
{1f3c0}	[505]	1	0.890625	0.109375	0.015625
{1f3c1}	[506]	1	0.90625	0.109375	0.015625
{1f3c2-1f3fb}	[507]	1	0.921875	0.109375	0.015625
{1f3c2-1f3fc}	[508]	1	0.9375	0.109375	0.015625
{1f3c2-1f3fd}	[509]	1	0.953125	0.109375	0.015625
{1f3c2-1f3fe}	[510]	1	0.96875	0.109375	0.015625
{1f3c2-1f3ff}	[511]	1	0.984375	0.109375	0.015625
{1f3c2}	[512]	1	0	0.125	0.015625
{1f3c3-1f3fb}	[513]	1	0.015625	0.125	0.015625
{1f3c3-1f3fc}	[514]	1	0.03125	0.125	0.015625
{1f3c3-1f3fd}	[515]	1	0.046875	0.125	0.015625
{1f3c3-1f3fe}	[516]	1	0.0625	0.125	0.015625
{1f3c3-1f3ff}	[517]	1	0.078125	0.125	0.015625
{1f3c3}	[518]	1	0.09375	0.125	0.015625
{1f3c4-1f3fb}	[519]	1	0.109375	0.125	0.015625
{1f3c4-1f3fc}	[520]	1	0.125	0.125	0.015625
{1f3c4-1f3fd}	[521]	1	0.140625	0.125	0.015625
{1f3c4-1f3fe}	[522]	1	0.15625	0.125	0.015625
{1f3c4-1f3ff}	[523]	1	0.171875	0.125	0.015625
{1f3c4}	[524]	1	0.1875	0.125	0.015625
{1f3c5}	[525]	1	0.203125	0.125	0.015625
{1f3c6}	[526]	1	0.21875	0.125	0.015625
{1f3c7-1f3fb}	[527]	1	0.234375	0.125	0.015625
{1f3c7-1f3fc}	[528]	1	0.25	0.125	0.015625
{1f3c7-1f3fd}	[529]	1	0.265625	0.125	0.015625
{1f3c7-1f3fe}	[530]	1	0.28125	0.125	0.015625
{1f3c7-1f3ff}	[531]	1	0.296875	0.125	0.015625
{1f3c7}	[532]	1	0.3125	0.125	0.015625
{1f3c8}	[533]	1	0.328125	0.125	0.015625
{1f3c9}	[534]	1	0.34375	0.125	0.015625
{1f3ca-1f3fb}	[535]	1	0.359375	0.125	0.015625
{1f3ca-1f3fc}	[536]	1	0.375	0.125	0.015625
{1f3ca-1f3fd}	[537]	1	0.390625	0.125	0.015625
{1f3ca-1f3fe}	[538]	1	0.40625	0.125	0.015625
{1f3ca-1f3ff}	[539]	1	0.421875	0.125	0.015625
{1f3ca}	[540]	1	0.4375	0.125	0.015625
{1f3cb-1f3fb}	[541]	1	0.453125	0.125	0.015625
{1f3cb-1f3fc}	[542]	1	0.46875	0.125	0.015625
{1f3cb-1f3fd}	[543]	1	0.484375	0.125	0.015625
{1f3cb-1f3fe}	[544]	1	0.5	0.125	0.015625
{1f3cb-1f3ff}	[545]	1	0.515625	0.125	0.015625
{1f3cb}	[546]	1	0.53125	0.125	0.015625
{1f3cc}	[547]	1	0.546875	0.125	0.015625
{1f3cd}	[548]	1	0.5625	0.125	0.015625
{1f3ce}	[549]	1	0.578125	0.125	0.015625
{1f3cf}	[550]	1	0.59375	0.125	0.015625
{1f3d0}	[551]	1	0.609375	0.125	0.015625
{1f3d1}	[552]	1	0.625	0.125	0.015625
{1f3d2}	[553]	1	0.640625	0.125	0.015625
{1f3d3}	[554]	1	0.65625	0.125	0.015625
{1f3d4}	[555]	1	0.671875	0.125	0.015625
{1f3d5}	[556]	1	0.6875	0.125	0.015625
{1f3d6}	[557]	1	0.703125	0.125	0.015625
{1f3d7}	[558]	1	0.71875	0.125	0.015625
{1f3d8}	[559]	1	0.734375	0.125	0.015625
{1f3d9}	[560]	1	0.75	0.125	0.015625
{1f3da}	[561]	1	0.765625	0.125	0.015625
{1f3db}	[562]	1	0.78125	0.125	0.015625
{1f3dc}	[563]	1	0.796875	0.125	0.015625
{1f3dd}	[564]	1	0.8125	0.125	0.015625
{1f3de}	[565]	1	0.828125	0.125	0.015625
{1f3df}	[566]	1	0.84375	0.125	0.015625
{1f3e0}	[567]	1	0.859375	0.125	0.015625
{1f3e1}	[568]	1	0.875	0.125	0.015625
{1f3e2}	[569]	1	0.890625	0.125	0.015625
{1f3e3}	[570]	1	0.90625	0.125	0.015625
{1f3e4}	[571]	1	0.921875	0.125	0.015625
{1f3e5}	[572]	1	0.9375	0.125	0.015625
{1f3e6}	[573]	1	0.953125	0.125	0.015625
{1f3e7}	[574]	1	0.96875	0.125	0.015625
{1f3e8}	[575]	1	0.984375	0.125	0.015625
{1f3e9}	[576]	1	0	0.140625	0.015625
{1f3ea}	[577]	1	0.015625	0.140625	0.015625
{1f3eb}	[578]	1	0.03125	0.140625	0.015625
{1f3ec}	[579]	1	0.046875	0.140625	0.015625
{1f3ed}	[580]	1	0.0625	0.140625	0.015625
{1f3ee}	[581]	1	0.078125	0.140625	0.015625
{1f3ef}	[582]	1	0.09375	0.140625	0.015625
{1f3f0}	[583]	1	0.109375	0.140625	0.015625
{1f3f3}	[584]	1	0.125	0.140625	0.015625
{1f3f4}	[585]	1	0.140625	0.140625	0.015625
{1f3f5}	[586]	1	0.15625	0.140625	0.015625
{1f3f7}	[587]	1	0.171875	0.140625	0.015625
{1f3f8}	[588]	1	0.1875	0.140625	0.015625
{1f3f9}	[589]	1	0.203125	0.140625	0.015625
{1f3fa}	[590]	1	0.21875	0.140625	0.015625
{1f3fb}	[591]	1	0.234375	0.140625	0.015625
{1f3fc}	[592]	1	0.25	0.140625	0.015625
{1f3fd}	[593]	1	0.265625	0.140625	0.015625
{1f3fe}	[594]	1	0.28125	0.140625	0.015625
{1f3ff}	[595]	1	0.296875	0.140625	0.015625
{1f400}	[596]	1	0.3125	0.140625	0.015625
{1f401}	[597]	1	0.328125	0.140625	0.015625
{1f402}	[598]	1	0.34375	0.140625	0.015625
{1f403}	[599]	1	0.359375	0.140625	0.015625
{1f404}	[600]	1	0.375	0.140625	0.015625
{1f405}	[601]	1	0.390625	0.140625	0.015625
{1f406}	[602]	1	0.40625	0.140625	0.015625
{1f407}	[603]	1	0.421875	0.140625	0.015625
{1f408}	[604]	1	0.4375	0.140625	0.015625
{1f409}	[605]	1	0.453125	0.140625	0.015625
{1f40a}	[606]	1	0.46875	0.140625	0.015625
{1f40b}	[607]	1	0.484375	0.140625	0.015625
{1f40c}	[608]	1	0.5	0.140625	0.015625
{1f40d}	[609]	1	0.515625	0.140625	0.015625
{1f40e}	[610]	1	0.53125	0.140625	0.015625
{1f40f}	[611]	1	0.546875	0.140625	0.015625
{1f410}	[612]	1	0.5625	0.140625	0.015625
{1f411}	[613]	1	0.578125	0.140625	0.015625
{1f412}	[614]	1	0.59375	0.140625	0.015625
{1f413}	[615]	1	0.609375	0.140625	0.015625
{1f414}	[616]	1	0.625	0.140625	0.015625
{1f415}	[617]	1	0.640625	0.140625	0.015625
{1f416}	[618]	1	0.65625	0.140625	0.015625
{1f417}	[619]	1	0.671875	0.140625	0.015625
{1f418}	[620]	1	0.6875	0.140625	0.015625
{1f419}	[621]	1	0.703125	0.140625	0.015625
{1f41a}	[622]	1	0.71875	0.140625	0.015625
{1f41b}	[623]	1	0.734375	0.140625	0.015625
{1f41c}	[624]	1	0.75	0.140625	0.015625
{1f41d}	[625]	1	0.765625	0.140625	0.015625
{1f41e}	[626]	1	0.78125	0.140625	0.015625
{1f41f}	[627]	1	0.796875	0.140625	0.015625
{1f420}	[628]	1	0.8125	0.140625	0.015625
{1f421}	[629]	1	0.828125	0.140625	0.015625
{1f422}	[630]	1	0.84375	0.140625	0.015625
{1f423}	[631]	1	0.859375	0.140625	0.015625
{1f424}	[632]	1	0.875	0.140625	0.015625
{1f425}	[633]	1	0.890625	0.140625	0.015625
{1f426}	[634]	1	0.90625	0.140625	0.015625
{1f427}	[635]	1	0.921875	0.140625	0.015625
{1f428}	[636]	1	0.9375	0.140625	0.015625
{1f429}	[637]	1	0.953125	0.140625	0.015625
{1f42a}	[638]	1	0.96875	0.140625	0.015625
{1f42b}	[639]	1	0.984375	0.140625	0.015625
{1f42c}	[640]	1	0	0.15625	0.015625
{1f42d}	[641]	1	0.015625	0.15625	0.015625
{1f42e}	[642]	1	0.03125	0.15625	0.015625
{1f42f}	[643]	1	0.046875	0.15625	0.015625
{1f430}	[644]	1	0.0625	0.15625	0.015625
{1f431}	[645]	1	0.078125	0.15625	0.015625
{1f432}	[646]	1	0.09375	0.15625	0.015625
{1f433}	[647]	1	0.109375	0.15625	0.015625
{1f434}	[648]	1	0.125	0.15625	0.015625
{1f435}	[649]	1	0.140625	0.15625	0.015625
{1f436}	[650]	1	0.15625	0.15625	0.015625
{1f437}	[651]	1	0.171875	0.15625	0.015625
{1f438}	[652]	1	0.1875	0.15625	0.015625
{1f439}	[653]	1	0.203125	0.15625	0.015625
{1f43a}	[654]	1	0.21875	0.15625	0.015625
{1f43b}	[655]	1	0.234375	0.15625	0.015625
{1f43c}	[656]	1	0.25	0.15625	0.015625
{1f43d}	[657]	1	0.265625	0.15625	0.015625
{1f43e}	[658]	1	0.28125	0.15625	0.015625
{1f43f}	[659]	1	0.296875	0.15625	0.015625
{1f440}	[660]	1	0.3125	0.15625	0.015625
{1f441-200d-1f5e8}	[661]	1	0.328125	0.15625	0.015625
{1f441}	[662]	1	0.34375	0.15625	0.015625
{1f442-1f3fb}	[663]	1	0.359375	0.15625	0.015625
{1f442-1f3fc}	[664]	1	0.375	0.15625	0.015625
{1f442-1f3fd}	[665]	1	0.390625	0.15625	0.015625
{1f442-1f3fe}	[666]	1	0.40625	0.15625	0.015625
{1f442-1f3ff}	[667]	1	0.421875	0.15625	0.015625
{1f442}	[668]	1	0.4375	0.15625	0.015625
{1f443-1f3fb}	[669]	1	0.453125	0.15625	0.015625
{1f443-1f3fc}	[670]	1	0.46875	0.15625	0.015625
{1f443-1f3fd}	[671]	1	0.484375	0.15625	0.015625
{1f443-1f3fe}	[672]	1	0.5	0.15625	0.015625
{1f443-1f3ff}	[673]	1	0.515625	0.15625	0.015625
{1f443}	[674]	1	0.53125	0.15625	0.015625
{1f444}	[675]	1	0.546875	0.15625	0.015625
{1f445}	[676]	1	0.5625	0.15625	0.015625
{1f446-1f3fb}	[677]	1	0.578125	0.15625	0.015625
{1f446-1f3fc}	[678]	1	0.59375	0.15625	0.015625
{1f446-1f3fd}	[679]	1	0.609375	0.15625	0.015625
{1f446-1f3fe}	[680]	1	0.625	0.15625	0.015625
{1f446-1f3ff}	[681]	1	0.640625	0.15625	0.015625
{1f446}	[682]	1	0.65625	0.15625	0.015625
{1f447-1f3fb}	[683]	1	0.671875	0.15625	0.015625
{1f447-1f3fc}	[684]	1	0.6875	0.15625	0.015625
{1f447-1f3fd}	[685]	1	0.703125	0.15625	0.015625
{1f447-1f3fe}	[686]	1	0.71875	0.15625	0.015625
{1f447-1f3ff}	[687]	1	0.734375	0.15625	0.015625
{1f447}	[688]	1	0.75	0.15625	0.015625
{1f448-1f3fb}	[689]	1	0.765625	0.15625	0.015625
{1f448-1f3fc}	[690]	1	0.78125	0.15625	0.015625
{1f448-1f3fd}	[691]	1	0.796875	0.15625	0.015625
{1f448-1f3fe}	[692]	1	0.8125	0.15625	0.015625
{1f448-1f3ff}	[693]	1	0.828125	0.15625	0.015625
{1f448}	[694]	1	0.84375	0.15625	0.015625
{1f449-1f3fb}	[695]	1	0.859375	0.15625	0.015625
{1f449-1f3fc}	[696]	1	0.875	0.15625	0.015625
{1f449-1f3fd}	[697]	1	0.890625	0.15625	0.015625
{1f449-1f3fe}	[698]	1	0.90625	0.15625	0.015625
{1f449-1f3ff}	[699]	1	0.921875	0.15625	0.015625
{1f449}	[700]	1	0.9375	0.15625	0.015625
{1f44a-1f3fb}	[701]	1	0.953125	0.15625	0.015625
{1f44a-1f3fc}	[702]	1	0.96875	0.15625	0.015625
{1f44a-1f3fd}	[703]	1	0.984375	0.15625	0.015625
{1f44a-1f3fe}	[704]	1	0	0.171875	0.015625
{1f44a-1f3ff}	[705]	1	0.015625	0.171875	0.015625
{1f44a}	[706]	1	0.03125	0.171875	0.015625
{1f44b-1f3fb}	[707]	1	0.046875	0.171875	0.015625
{1f44b-1f3fc}	[708]	1	0.0625	0.171875	0.015625
{1f44b-1f3fd}	[709]	1	0.078125	0.171875	0.015625
{1f44b-1f3fe}	[710]	1	0.09375	0.171875	0.015625
{1f44b-1f3ff}	[711]	1	0.109375	0.171875	0.015625
{1f44b}	[712]	1	0.125	0.171875	0.015625
{1f44c-1f3fb}	[713]	1	0.140625	0.171875	0.015625
{1f44c-1f3fc}	[714]	1	0.15625	0.171875	0.015625
{1f44c-1f3fd}	[715]	1	0.171875	0.171875	0.015625
{1f44c-1f3fe}	[716]	1	0.1875	0.171875	0.015625
{1f44c-1f3ff}	[717]	1	0.203125	0.171875	0.015625
{1f44c}	[718]	1	0.21875	0.171875	0.015625
{1f44d-1f3fb}	[719]	1	0.234375	0.171875	0.015625
{1f44d-1f3fc}	[720]	1	0.25	0.171875	0.015625
{1f44d-1f3fd}	[721]	1	0.265625	0.171875	0.015625
{1f44d-1f3fe}	[722]	1	0.28125	0.171875	0.015625
{1f44d-1f3ff}	[723]	1	0.296875	0.171875	0.015625
{1f44d}	[724]	1	0.3125	0.171875	0.015625
{1f44e-1f3fb}	[725]	1	0.328125	0.171875	0.015625
{1f44e-1f3fc}	[726]	1	0.34375	0.171875	0.015625
{1f44e-1f3fd}	[727]	1	0.359375	0.171875	0.015625
{1f44e-1f3fe}	[728]	1	0.375	0.171875	0.015625
{1f44e-1f3ff}	[729]	1	0.390625	0.171875	0.015625
{1f44e}	[730]	1	0.40625	0.171875	0.015625
{1f44f-1f3fb}	[731]	1	0.421875	0.171875	0.015625
{1f44f-1f3fc}	[732]	1	0.4375	0.171875	0.015625
{1f44f-1f3fd}	[733]	1	0.453125	0.171875	0.015625
{1f44f-1f3fe}	[734]	1	0.46875	0.171875	0.015625
{1f44f-1f3ff}	[735]	1	0.484375	0.171875	0.015625
{1f44f}	[736]	1	0.5	0.171875	0.015625
{1f450-1f3fb}	[737]	1	0.515625	0.171875	0.015625
{1f450-1f3fc}	[738]	1	0.53125	0.171875	0.015625
{1f450-1f3fd}	[739]	1	0.546875	0.171875	0.015625
{1f450-1f3fe}	[740]	1	0.5625	0.171875	0.015625
{1f450-1f3ff}	[741]	1	0.578125	0.171875	0.015625
{1f450}	[742]	1	0.59375	0.171875	0.015625
{1f451}	[743]	1	0.609375	0.171875	0.015625
{1f452}	[744]	1	0.625	0.171875	0.015625
{1f453}	[745]	1	0.640625	0.171875	0.015625
{1f454}	[746]	1	0.65625	0.171875	0.015625
{1f455}	[747]	1	0.671875	0.171875	0.015625
{1f456}	[748]	1	0.6875	0.171875	0.015625
{1f457}	[749]	1	0.703125	0.171875	0.015625
{1f458}	[750]	1	0.71875	0.171875	0.015625
{1f459}	[751]	1	0.734375	0.171875	0.015625
{1f45a}	[752]	1	0.75	0.171875	0.015625
{1f45b}	[753]	1	0.765625	0.171875	0.015625
{1f45c}	[754]	1	0.78125	0.171875	0.015625
{1f45d}	[755]	1	0.796875	0.171875	0.015625
{1f45e}	[756]	1	0.8125	0.171875	0.015625
{1f45f}	[757]	1	0.828125	0.171875	0.015625
{1f460}	[758]	1	0.84375	0.171875	0.015625
{1f461}	[759]	1	0.859375	0.171875	0.015625
{1f462}	[760]	1	0.875	0.171875	0.015625
{1f463}	[761]	1	0.890625	0.171875	0.015625
{1f464}	[762]	1	0.90625	0.171875	0.015625
{1f465}	[763]	1	0.921875	0.171875	0.015625
{1f466-1f3fb}	[764]	1	0.9375	0.171875	0.015625
{1f466-1f3fc}	[765]	1	0.953125	0.171875	0.015625
{1f466-1f3fd}	[766]	1	0.96875	0.171875	0.015625
{1f466-1f3fe}	[767]	1	0.984375	0.171875	0.015625
{1f466-1f3ff}	[768]	1	0	0.1875	0.015625
{1f466}	[769]	1	0.015625	0.1875	0.015625
{1f467-1f3fb}	[770]	1	0.03125	0.1875	0.015625
{1f467-1f3fc}	[771]	1	0.046875	0.1875	0.015625
{1f467-1f3fd}	[772]	1	0.0625	0.1875	0.015625
{1f467-1f3fe}	[773]	1	0.078125	0.1875	0.015625
{1f467-1f3ff}	[774]	1	0.09375	0.1875	0.015625
{1f467}	[775]	1	0.109375	0.1875	0.015625
{1f468-1f3fb}	[776]	1	0.125	0.1875	0.015625
{1f468-1f3fc}	[777]	1	0.140625	0.1875	0.015625
{1f468-1f3fd}	[778]	1	0.15625	0.1875	0.015625
{1f468-1f3fe}	[779]	1	0.171875	0.1875	0.015625
{1f468-1f3ff}	[780]	1	0.1875	0.1875	0.015625
{1f468-200d-1f468-200d-1f466-200d-1f466}	[781]	1	0.203125	0.1875	0.015625
{1f468-200d-1f468-200d-1f466}	[782]	1	0.21875	0.1875	0.015625
{1f468-200d-1f468-200d-1f467-200d-1f466}	[783]	1	0.234375	0.1875	0.015625
{1f468-200d-1f468-200d-1f467-200d-1f467}	[784]	1	0.25	0.1875	0.015625
{1f468-200d-1f468-200d-1f467}	[785]	1	0.265625	0.1875	0.015625
{1f468-200d-1f469-200d-1f466-200d-1f466}	[786]	1	0.28125	0.1875	0.015625
{1f468-200d-1f469-200d-1f466}	[787]	1	0.296875	0.1875	0.015625
{1f468-200d-1f469-200d-1f467-200d-1f466}	[788]	1	0.3125	0.1875	0.015625
{1f468-200d-1f469-200d-1f467-200d-1f467}	[789]	1	0.328125	0.1875	0.015625
{1f468-200d-1f469-200d-1f467}	[790]	1	0.34375	0.1875	0.015625
{1f468-200d-2764-fe0f-200d-1f468}	[791]	1	0.359375	0.1875	0.015625
{1f468-200d-2764-fe0f-200d-1f48b-200d-1f468}	[792]	1	0.375	0.1875	0.015625
{1f468}	[793]	1	0.390625	0.1875	0.015625
{1f469-1f3fb}	[794]	1	0.40625	0.1875	0.015625
{1f469-1f3fc}	[795]	1	0.421875	0.1875	0.015625
{1f469-1f3fd}	[796]	1	0.4375	0.1875	0.015625
{1f469-1f3fe}	[797]	1	0.453125	0.1875	0.015625
{1f469-1f3ff}	[798]	1	0.46875	0.1875	0.015625
{1f469-200d-1f469-200d-1f466-200d-1f466}	[799]	1	0.484375	0.1875	0.015625
{1f469-200d-1f469-200d-1f466}	[800]	1	0.5	0.1875	0.015625
{1f469-200d-1f469-200d-1f467-200d-1f466}	[801]	1	0.515625	0.1875	0.015625
{1f469-200d-1f469-200d-1f467-200d-1f467}	[802]	1	0.53125	0.1875	0.015625
{1f469-200d-1f469-200d-1f467}	[803]	1	0.546875	0.1875	0.015625
{1f469-200d-2764-fe0f-200d-1f468}	[804]	1	0.5625	0.1875	0.015625
{1f469-200d-2764-fe0f-200d-1f469}	[805]	1	0.578125	0.1875	0.015625
{1f469-200d-2764-fe0f-200d-1f48b-200d-1f468}	[806]	1	0.59375	0.1875	0.015625
{1f469-200d-2764-fe0f-200d-1f48b-200d-1f469}	[807]	1	0.609375	0.1875	0.015625
{1f469}	[808]	1	0.625	0.1875	0.015625
{1f46a}	[809]	1	0.640625	0.1875	0.015625
{1f46b}	[810]	1	0.65625	0.1875	0.015625
{1f46c}	[811]	1	0.671875	0.1875	0.015625
{1f46d}	[812]	1	0.6875	0.1875	0.015625
{1f46e-1f3fb}	[813]	1	0.703125	0.1875	0.015625
{1f46e-1f3fc}	[814]	1	0.71875	0.1875	0.015625
{1f46e-1f3fd}	[815]	1	0.734375	0.1875	0.015625
{1f46e-1f3fe}	[816]	1	0.75	0.1875	0.015625
{1f46e-1f3ff}	[817]	1	0.765625	0.1875	0.015625
{1f46e}	[818]	1	0.78125	0.1875	0.015625
{1f46f}	[819]	1	0.796875	0.1875	0.015625
{1f470-1f3fb}	[820]	1	0.8125	0.1875	0.015625
{1f470-1f3fc}	[821]	1	0.828125	0.1875	0.015625
{1f470-1f3fd}	[822]	1	0.84375	0.1875	0.015625
{1f470-1f3fe}	[823]	1	0.859375	0.1875	0.015625
{1f470-1f3ff}	[824]	1	0.875	0.1875	0.015625
{1f470}	[825]	1	0.890625	0.1875	0.015625
{1f471-1f3fb}	[826]	1	0.90625	0.1875	0.015625
{1f471-1f3fc}	[827]	1	0.921875	0.1875	0.015625
{1f471-1f3fd}	[828]	1	0.9375	0.1875	0.015625
{1f471-1f3fe}	[829]	1	0.953125	0.1875	0.015625
{1f471-1f3ff}	[830]	1	0.96875	0.1875	0.015625
{1f471}	[831]	1	0.984375	0.1875	0.015625
{1f472-1f3fb}	[832]	1	0	0.203125	0.015625
{1f472-1f3fc}	[833]	1	0.015625	0.203125	0.015625
{1f472-1f3fd}	[834]	1	0.03125	0.203125	0.015625
{1f472-1f3fe}	[835]	1	0.046875	0.203125	0.015625
{1f472-1f3ff}	[836]	1	0.0625	0.203125	0.015625
{1f472}	[837]	1	0.078125	0.203125	0.015625
{1f473-1f3fb}	[838]	1	0.09375	0.203125	0.015625
{1f473-1f3fc}	[839]	1	0.109375	0.203125	0.015625
{1f473-1f3fd}	[840]	1	0.125	0.203125	0.015625
{1f473-1f3fe}	[841]	1	0.140625	0.203125	0.015625
{1f473-1f3ff}	[842]	1	0.15625	0.203125	0.015625
{1f473}	[843]	1	0.171875	0.203125	0.015625
{1f474-1f3fb}	[844]	1	0.1875	0.203125	0.015625
{1f474-1f3fc}	[845]	1	0.203125	0.203125	0.015625
{1f474-1f3fd}	[846]	1	0.21875	0.203125	0.015625
{1f474-1f3fe}	[847]	1	0.234375	0.203125	0.015625
{1f474-1f3ff}	[848]	1	0.25	0.203125	0.015625
{1f474}	[849]	1	0.265625	0.203125	0.015625
{1f475-1f3fb}	[850]	1	0.28125	0.203125	0.015625
{1f475-1f3fc}	[851]	1	0.296875	0.203125	0.015625
{1f475-1f3fd}	[852]	1	0.3125	0.203125	0.015625
{1f475-1f3fe}	[853]	1	0.328125	0.203125	0.015625
{1f475-1f3ff}	[854]	1	0.34375	0.203125	0.015625
{1f475}	[855]	1	0.359375	0.203125	0.015625
{1f476-1f3fb}	[856]	1	0.375	0.203125	0.015625
{1f476-1f3fc}	[857]	1	0.390625	0.203125	0.015625
{1f476-1f3fd}	[858]	1	0.40625	0.203125	0.015625
{1f476-1f3fe}	[859]	1	0.421875	0.203125	0.015625
{1f476-1f3ff}	[860]	1	0.4375	0.203125	0.015625
{1f476}	[861]	1	0.453125	0.203125	0.015625
{1f477-1f3fb}	[862]	1	0.46875	0.203125	0.015625
{1f477-1f3fc}	[863]	1	0.484375	0.203125	0.015625
{1f477-1f3fd}	[864]	1	0.5	0.203125	0.015625
{1f477-1f3fe}	[865]	1	0.515625	0.203125	0.015625
{1f477-1f3ff}	[866]	1	0.53125	0.203125	0.015625
{1f477}	[867]	1	0.546875	0.203125	0.015625
{1f478-1f3fb}	[868]	1	0.5625	0.203125	0.015625
{1f478-1f3fc}	[869]	1	0.578125	0.203125	0.015625
{1f478-1f3fd}	[870]	1	0.59375	0.203125	0.015625
{1f478-1f3fe}	[871]	1	0.609375	0.203125	0.015625
{1f478-1f3ff}	[872]	1	0.625	0.203125	0.015625
{1f478}	[873]	1	0.640625	0.203125	0.015625
{1f479}	[874]	1	0.65625	0.203125	0.015625
{1f47a}	[875]	1	0.671875	0.203125	0.015625
{1f47b}	[876]	1	0.6875	0.203125	0.015625
{1f47c-1f3fb}	[877]	1	0.703125	0.203125	0.015625
{1f47c-1f3fc}	[878]	1	0.71875	0.203125	0.015625
{1f47c-1f3fd}	[879]	1	0.734375	0.203125	0.015625
{1f47c-1f3fe}	[880]	1	0.75	0.203125	0.015625
{1f47c-1f3ff}	[881]	1	0.765625	0.203125	0.015625
{1f47c}	[882]	1	0.78125	0.203125	0.015625
{1f47d}	[883]	1	0.796875	0.203125	0.015625
{1f47e}	[884]	1	0.8125	0.203125	0.015625
{1f47f}	[885]	1	0.828125	0.203125	0.015625
{1f480}	[886]	1	0.84375	0.203125	0.015625
{1f481-1f3fb}	[887]	1	0.859375	0.203125	0.015625
{1f481-1f3fc}	[888]	1	0.875	0.203125	0.015625
{1f481-1f3fd}	[889]	1	0.890625	0.203125	0.015625
{1f481-1f3fe}	[890]	1	0.90625	0.203125	0.015625
{1f481-1f3ff}	[891]	1	0.921875	0.203125	0.015625
{1f481}	[892]	1	0.9375	0.203125	0.015625
{1f482-1f3fb}	[893]	1	0.953125	0.203125	0.015625
{1f482-1f3fc}	[894]	1	0.96875	0.203125	0.015625
{1f482-1f3fd}	[895]	1	0.984375	0.203125	0.015625
{1f482-1f3fe}	[896]	1	0	0.21875	0.015625
{1f482-1f3ff}	[897]	1	0.015625	0.21875	0.015625
{1f482}	[898]	1	0.03125	0.21875	0.015625
{1f483-1f3fb}	[899]	1	0.046875	0.21875	0.015625
{1f483-1f3fc}	[900]	1	0.0625	0.21875	0.015625
{1f483-1f3fd}	[901]	1	0.078125	0.21875	0.015625
{1f483-1f3fe}	[902]	1	0.09375	0.21875	0.015625
{1f483-1f3ff}	[903]	1	0.109375	0.21875	0.015625
{1f483}	[904]	1	0.125	0.21875	0.015625
{1f484}	[905]	1	0.140625	0.21875	0.015625
{1f485-1f3fb}	[906]	1	0.15625	0.21875	0.015625
{1f485-1f3fc}	[907]	1	0.171875	0.21875	0.015625
{1f485-1f3fd}	[908]	1	0.1875	0.21875	0.015625
{1f485-1f3fe}	[909]	1	0.203125	0.21875	0.015625
{1f485-1f3ff}	[910]	1	0.21875	0.21875	0.015625
{1f485}	[911]	1	0.234375	0.21875	0.015625
{1f486-1f3fb}	[912]	1	0.25	0.21875	0.015625
{1f486-1f3fc}	[913]	1	0.265625	0.21875	0.015625
{1f486-1f3fd}	[914]	1	0.28125	0.21875	0.015625
{1f486-1f3fe}	[915]	1	0.296875	0.21875	0.015625
{1f486-1f3ff}	[916]	1	0.3125	0.21875	0.015625
{1f486}	[917]	1	0.328125	0.21875	0.015625
{1f487-1f3fb}	[918]	1	0.34375	0.21875	0.015625
{1f487-1f3fc}	[919]	1	0.359375	0.21875	0.015625
{1f487-1f3fd}	[920]	1	0.375	0.21875	0.015625
{1f487-1f3fe}	[921]	1	0.390625	0.21875	0.015625
{1f487-1f3ff}	[922]	1	0.40625	0.21875	0.015625
{1f487}	[923]	1	0.421875	0.21875	0.015625
{1f488}	[924]	1	0.4375	0.21875	0.015625
{1f489}	[925]	1	0.453125	0.21875	0.015625
{1f48a}	[926]	1	0.46875	0.21875	0.015625
{1f48b}	[927]	1	0.484375	0.21875	0.015625
{1f48c}	[928]	1	0.5	0.21875	0.015625
{1f48d}	[929]	1	0.515625	0.21875	0.015625
{1f48e}	[930]	1	0.53125	0.21875	0.015625
{1f48f}	[931]	1	0.546875	0.21875	0.015625
{1f490}	[932]	1	0.5625	0.21875	0.015625
{1f491}	[933]	1	0.578125	0.21875	0.015625
{1f492}	[934]	1	0.59375	0.21875	0.015625
{1f493}	[935]	1	0.609375	0.21875	0.015625
{1f494}	[936]	1	0.625	0.21875	0.015625
{1f495}	[937]	1	0.640625	0.21875	0.015625
{1f496}	[938]	1	0.65625	0.21875	0.015625
{1f497}	[939]	1	0.671875	0.21875	0.015625
{1f498}	[940]	1	0.6875	0.21875	0.015625
{1f499}	[941]	1	0.703125	0.21875	0.015625
{1f49a}	[942]	1	0.71875	0.21875	0.015625
{1f49b}	[943]	1	0.734375	0.21875	0.015625
{1f49c}	[944]	1	0.75	0.21875	0.015625
{1f49d}	[945]	1	0.765625	0.21875	0.015625
{1f49e}	[946]	1	0.78125	0.21875	0.015625
{1f49f}	[947]	1	0.796875	0.21875	0.015625
{1f4a0}	[948]	1	0.8125	0.21875	0.015625
{1f4a1}	[949]	1	0.828125	0.21875	0.015625
{1f4a2}	[950]	1	0.84375	0.21875	0.015625
{1f4a3}	[951]	1	0.859375	0.21875	0.015625
{1f4a4}	[952]	1	0.875	0.21875	0.015625
{1f4a5}	[953]	1	0.890625	0.21875	0.015625
{1f4a6}	[954]	1	0.90625	0.21875	0.015625
{1f4a7}	[955]	1	0.921875	0.21875	0.015625
{1f4a8}	[956]	1	0.9375	0.21875	0.015625
{1f4a9}	[957]	1	0.953125	0.21875	0.015625
{1f4aa-1f3fb}	[958]	1	0.96875	0.21875	0.015625
{1f4aa-1f3fc}	[959]	1	0.984375	0.21875	0.015625
{1f4aa-1f3fd}	[960]	1	0	0.234375	0.015625
{1f4aa-1f3fe}	[961]	1	0.015625	0.234375	0.015625
{1f4aa-1f3ff}	[962]	1	0.03125	0.234375	0.015625
{1f4aa}	[963]	1	0.046875	0.234375	0.015625
{1f4ab}	[964]	1	0.0625	0.234375	0.015625
{1f4ac}	[965]	1	0.078125	0.234375	0.015625
{1f4ad}	[966]	1	0.09375	0.234375	0.015625
{1f4ae}	[967]	1	0.109375	0.234375	0.015625
{1f4af}	[968]	1	0.125	0.234375	0.015625
{1f4b0}	[969]	1	0.140625	0.234375	0.015625
{1f4b1}	[970]	1	0.15625	0.234375	0.015625
{1f4b2}	[971]	1	0.171875	0.234375	0.015625
{1f4b3}	[972]	1	0.1875	0.234375	0.015625
{1f4b4}	[973]	1	0.203125	0.234375	0.015625
{1f4b5}	[974]	1	0.21875	0.234375	0.015625
{1f4b6}	[975]	1	0.234375	0.234375	0.015625
{1f4b7}	[976]	1	0.25	0.234375	0.015625
{1f4b8}	[977]	1	0.265625	0.234375	0.015625
{1f4b9}	[978]	1	0.28125	0.234375	0.015625
{1f4ba}	[979]	1	0.296875	0.234375	0.015625
{1f4bb}	[980]	1	0.3125	0.234375	0.015625
{1f4bc}	[981]	1	0.328125	0.234375	0.015625
{1f4bd}	[982]	1	0.34375	0.234375	0.015625
{1f4be}	[983]	1	0.359375	0.234375	0.015625
{1f4bf}	[984]	1	0.375	0.234375	0.015625
{1f4c0}	[985]	1	0.390625	0.234375	0.015625
{1f4c1}	[986]	1	0.40625	0.234375	0.015625
{1f4c2}	[987]	1	0.421875	0.234375	0.015625
{1f4c3}	[988]	1	0.4375	0.234375	0.015625
{1f4c4}	[989]	1	0.453125	0.234375	0.015625
{1f4c5}	[990]	1	0.46875	0.234375	0.015625
{1f4c6}	[991]	1	0.484375	0.234375	0.015625
{1f4c7}	[992]	1	0.5	0.234375	0.015625
{1f4c8}	[993]	1	0.515625	0.234375	0.015625
{1f4c9}	[994]	1	0.53125	0.234375	0.015625
{1f4ca}	[995]	1	0.546875	0.234375	0.015625
{1f4cb}	[996]	1	0.5625	0.234375	0.015625
{1f4cc}	[997]	1	0.578125	0.234375	0.015625
{1f4cd}	[998]	1	0.59375	0.234375	0.015625
{1f4ce}	[999]	1	0.609375	0.234375	0.015625
{1f4cf}	[1000]	1	0.625	0.234375	0.015625
{1f4d0}	[1001]	1	0.640625	0.234375	0.015625
{1f4d1}	[1002]	1	0.65625	0.234375	0.015625
{1f4d2}	[1003]	1	0.671875	0.234375	0.015625
{1f4d3}	[1004]	1	0.6875	0.234375	0.015625
{1f4d4}	[1005]	1	0.703125	0.234375	0.015625
{1f4d5}	[1006]	1	0.71875	0.234375	0.015625
{1f4d6}	[1007]	1	0.734375	0.234375	0.015625
{1f4d7}	[1008]	1	0.75	0.234375	0.015625
{1f4d8}	[1009]	1	0.765625	0.234375	0.015625
{1f4d9}	[1010]	1	0.78125	0.234375	0.015625
{1f4da}	[1011]	1	0.796875	0.234375	0.015625
{1f4db}	[1012]	1	0.8125	0.234375	0.015625
{1f4dc}	[1013]	1	0.828125	0.234375	0.015625
{1f4dd}	[1014]	1	0.84375	0.234375	0.015625
{1f4de}	[1015]	1	0.859375	0.234375	0.015625
{1f4df}	[1016]	1	0.875	0.234375	0.015625
{1f4e0}	[1017]	1	0.890625	0.234375	0.015625
{1f4e1}	[1018]	1	0.90625	0.234375	0.015625
{1f4e2}	[1019]	1	0.921875	0.234375	0.015625
{1f4e3}	[1020]	1	0.9375	0.234375	0.015625
{1f4e4}	[1021]	1	0.953125	0.234375	0.015625
{1f4e5}	[1022]	1	0.96875	0.234375	0.015625
{1f4e6}	[1023]	1	0.984375	0.234375	0.015625
{1f4e7}	[1024]	1	0	0.25	0.015625
{1f4e8}	[1025]	1	0.015625	0.25	0.015625
{1f4e9}	[1026]	1	0.03125	0.25	0.015625
{1f4ea}	[1027]	1	0.046875	0.25	0.015625
{1f4eb}	[1028]	1	0.0625	0.25	0.015625
{1f4ec}	[1029]	1	0.078125	0.25	0.015625
{1f4ed}	[1030]	1	0.09375	0.25	0.015625
{1f4ee}	[1031]	1	0.109375	0.25	0.015625
{1f4ef}	[1032]	1	0.125	0.25	0.015625
{1f4f0}	[1033]	1	0.140625	0.25	0.015625
{1f4f1}	[1034]	1	0.15625	0.25	0.015625
{1f4f2}	[1035]	1	0.171875	0.25	0.015625
{1f4f3}	[1036]	1	0.1875	0.25	0.015625
{1f4f4}	[1037]	1	0.203125	0.25	0.015625
{1f4f5}	[1038]	1	0.21875	0.25	0.015625
{1f4f6}	[1039]	1	0.234375	0.25	0.015625
{1f4f7}	[1040]	1	0.25	0.25	0.015625
{1f4f8}	[1041]	1	0.265625	0.25	0.015625
{1f4f9}	[1042]	1	0.28125	0.25	0.015625
{1f4fa}	[1043]	1	0.296875	0.25	0.015625
{1f4fb}	[1044]	1	0.3125	0.25	0.015625
{1f4fc}	[1045]	1	0.328125	0.25	0.015625
{1f4fd}	[1046]	1	0.34375	0.25	0.015625
{1f4ff}	[1047]	1	0.359375	0.25	0.015625
{1f500}	[1048]	1	0.375	0.25	0.015625
{1f501}	[1049]	1	0.390625	0.25	0.015625
{1f502}	[1050]	1	0.40625	0.25	0.015625
{1f503}	[1051]	1	0.421875	0.25	0.015625
{1f504}	[1052]	1	0.4375	0.25	0.015625
{1f505}	[1053]	1	0.453125	0.25	0.015625
{1f506}	[1054]	1	0.46875	0.25	0.015625
{1f507}	[1055]	1	0.484375	0.25	0.015625
{1f508}	[1056]	1	0.5	0.25	0.015625
{1f509}	[1057]	1	0.515625	0.25	0.015625
{1f50a}	[1058]	1	0.53125	0.25	0.015625
{1f50b}	[1059]	1	0.546875	0.25	0.015625
{1f50c}	[1060]	1	0.5625	0.25	0.015625
{1f50d}	[1061]	1	0.578125	0.25	0.015625
{1f50e}	[1062]	1	0.59375	0.25	0.015625
{1f50f}	[1063]	1	0.609375	0.25	0.015625
{1f510}	[1064]	1	0.625	0.25	0.015625
{1f511}	[1065]	1	0.640625	0.25	0.015625
{1f512}	[1066]	1	0.65625	0.25	0.015625
{1f513}	[1067]	1	0.671875	0.25	0.015625
{1f514}	[1068]	1	0.6875	0.25	0.015625
{1f515}	[1069]	1	0.703125	0.25	0.015625
{1f516}	[1070]	1	0.71875	0.25	0.015625
{1f517}	[1071]	1	0.734375	0.25	0.015625
{1f518}	[1072]	1	0.75	0.25	0.015625
{1f519}	[1073]	1	0.765625	0.25	0.015625
{1f51a}	[1074]	1	0.78125	0.25	0.015625
{1f51b}	[1075]	1	0.796875	0.25	0.015625
{1f51c}	[1076]	1	0.8125	0.25	0.015625
{1f51d}	[1077]	1	0.828125	0.25	0.015625
{1f51e}	[1078]	1	0.84375	0.25	0.015625
{1f51f}	[1079]	1	0.859375	0.25	0.015625
{1f520}	[1080]	1	0.875	0.25	0.015625
{1f521}	[1081]	1	0.890625	0.25	0.015625
{1f522}	[1082]	1	0.90625	0.25	0.015625
{1f523}	[1083]	1	0.921875	0.25	0.015625
{1f524}	[1084]	1	0.9375	0.25	0.015625
{1f525}	[1085]	1	0.953125	0.25	0.015625
{1f526}	[1086]	1	0.96875	0.25	0.015625
{1f527}	[1087]	1	0.984375	0.25	0.015625
{1f528}	[1088]	1	0	0.265625	0.015625
{1f529}	[1089]	1	0.015625	0.265625	0.015625
{1f52a}	[1090]	1	0.03125	0.265625	0.015625
{1f52b}	[1091]	1	0.046875	0.265625	0.015625
{1f52c}	[1092]	1	0.0625	0.265625	0.015625
{1f52d}	[1093]	1	0.078125	0.265625	0.015625
{1f52e}	[1094]	1	0.09375	0.265625	0.015625
{1f52f}	[1095]	1	0.109375	0.265625	0.015625
{1f530}	[1096]	1	0.125	0.265625	0.015625
{1f531}	[1097]	1	0.140625	0.265625	0.015625
{1f532}	[1098]	1	0.15625	0.265625	0.015625
{1f533}	[1099]	1	0.171875	0.265625	0.015625
{1f534}	[1100]	1	0.1875	0.265625	0.015625
{1f535}	[1101]	1	0.203125	0.265625	0.015625
{1f536}	[1102]	1	0.21875	0.265625	0.015625
{1f537}	[1103]	1	0.234375	0.265625	0.015625
{1f538}	[1104]	1	0.25	0.265625	0.015625
{1f539}	[1105]	1	0.265625	0.265625	0.015625
{1f53a}	[1106]	1	0.28125	0.265625	0.015625
{1f53b}	[1107]	1	0.296875	0.265625	0.015625
{1f53c}	[1108]	1	0.3125	0.265625	0.015625
{1f53d}	[1109]	1	0.328125	0.265625	0.015625
{1f549}	[1110]	1	0.34375	0.265625	0.015625
{1f54a}	[1111]	1	0.359375	0.265625	0.015625
{1f54b}	[1112]	1	0.375	0.265625	0.015625
{1f54c}	[1113]	1	0.390625	0.265625	0.015625
{1f54d}	[1114]	1	0.40625	0.265625	0.015625
{1f54e}	[1115]	1	0.421875	0.265625	0.015625
{1f550}	[1116]	1	0.4375	0.265625	0.015625
{1f551}	[1117]	1	0.453125	0.265625	0.015625
{1f552}	[1118]	1	0.46875	0.265625	0.015625
{1f553}	[1119]	1	0.484375	0.265625	0.015625
{1f554}	[1120]	1	0.5	0.265625	0.015625
{1f555}	[1121]	1	0.515625	0.265625	0.015625
{1f556}	[1122]	1	0.53125	0.265625	0.015625
{1f557}	[1123]	1	0.546875	0.265625	0.015625
{1f558}	[1124]	1	0.5625	0.265625	0.015625
{1f559}	[1125]	1	0.578125	0.265625	0.015625
{1f55a}	[1126]	1	0.59375	0.265625	0.015625
{1f55b}	[1127]	1	0.609375	0.265625	0.015625
{1f55c}	[1128]	1	0.625	0.265625	0.015625
{1f55d}	[1129]	1	0.640625	0.265625	0.015625
{1f55e}	[1130]	1	0.65625	0.265625	0.015625
{1f55f}	[1131]	1	0.671875	0.265625	0.015625
{1f560}	[1132]	1	0.6875	0.265625	0.015625
{1f561}	[1133]	1	0.703125	0.265625	0.015625
{1f562}	[1134]	1	0.71875	0.265625	0.015625
{1f563}	[1135]	1	0.734375	0.265625	0.015625
{1f564}	[1136]	1	0.75	0.265625	0.015625
{1f565}	[1137]	1	0.765625	0.265625	0.015625
{1f566}	[1138]	1	0.78125	0.265625	0.015625
{1f567}	[1139]	1	0.796875	0.265625	0.015625
{1f56f}	[1140]	1	0.8125	0.265625	0.015625
{1f570}	[1141]	1	0.828125	0.265625	0.015625
{1f573}	[1142]	1	0.84375	0.265625	0.015625
{1f574}	[1143]	1	0.859375	0.265625	0.015625
{1f575-1f3fb}	[1144]	1	0.875	0.265625	0.015625
{1f575-1f3fc}	[1145]	1	0.890625	0.265625	0.015625
{1f575-1f3fd}	[1146]	1	0.90625	0.265625	0.015625
{1f575-1f3fe}	[1147]	1	0.921875	0.265625	0.015625
{1f575-1f3ff}	[1148]	1	0.9375	0.265625	0.015625
{1f575}	[1149]	1	0.953125	0.265625	0.015625
{1f576}	[1150]	1	0.96875	0.265625	0.015625
{1f577}	[1151]	1	0.984375	0.265625	0.015625
{1f578}	[1152]	1	0	0.28125	0.015625
{1f579}	[1153]	1	0.015625	0.28125	0.015625
{1f587}	[1154]	1	0.03125	0.28125	0.015625
{1f58a}	[1155]	1	0.046875	0.28125	0.015625
{1f58b}	[1156]	1	0.0625	0.28125	0.015625
{1f58c}	[1157]	1	0.078125	0.28125	0.015625
{1f58d}	[1158]	1	0.09375	0.28125	0.015625
{1f590-1f3fb}	[1159]	1	0.109375	0.28125	0.015625
{1f590-1f3fc}	[1160]	1	0.125	0.28125	0.015625
{1f590-1f3fd}	[1161]	1	0.140625	0.28125	0.015625
{1f590-1f3fe}	[1162]	1	0.15625	0.28125	0.015625
{1f590-1f3ff}	[1163]	1	0.171875	0.28125	0.015625
{1f590}	[1164]	1	0.1875	0.28125	0.015625
{1f595-1f3fb}	[1165]	1	0.203125	0.28125	0.015625
{1f595-1f3fc}	[1166]	1	0.21875	0.28125	0.015625
{1f595-1f3fd}	[1167]	1	0.234375	0.28125	0.015625
{1f595-1f3fe}	[1168]	1	0.25	0.28125	0.015625
{1f595-1f3ff}	[1169]	1	0.265625	0.28125	0.015625
{1f595}	[1170]	1	0.28125	0.28125	0.015625
{1f596-1f3fb}	[1171]	1	0.296875	0.28125	0.015625
{1f596-1f3fc}	[1172]	1	0.3125	0.28125	0.015625
{1f596-1f3fd}	[1173]	1	0.328125	0.28125	0.015625
{1f596-1f3fe}	[1174]	1	0.34375	0.28125	0.015625
{1f596-1f3ff}	[1175]	1	0.359375	0.28125	0.015625
{1f596}	[1176]	1	0.375	0.28125	0.015625
{1f5a5}	[1177]	1	0.390625	0.28125	0.015625
{1f5a8}	[1178]	1	0.40625	0.28125	0.015625
{1f5b1}	[1179]	1	0.421875	0.28125	0.015625
{1f5b2}	[1180]	1	0.4375	0.28125	0.015625
{1f5bc}	[1181]	1	0.453125	0.28125	0.015625
{1f5c2}	[1182]	1	0.46875	0.28125	0.015625
{1f5c3}	[1183]	1	0.484375	0.28125	0.015625
{1f5c4}	[1184]	1	0.5	0.28125	0.015625
{1f5d1}	[1185]	1	0.515625	0.28125	0.015625
{1f5d2}	[1186]	1	0.53125	0.28125	0.015625
{1f5d3}	[1187]	1	0.546875	0.28125	0.015625
{1f5dc}	[1188]	1	0.5625	0.28125	0.015625
{1f5dd}	[1189]	1	0.578125	0.28125	0.015625
{1f5de}	[1190]	1	0.59375	0.28125	0.015625
{1f5e1}	[1191]	1	0.609375	0.28125	0.015625
{1f5e3}	[1192]	1	0.625	0.28125	0.015625
{1f5e8}	[1193]	1	0.640625	0.28125	0.015625
{1f5ef}	[1194]	1	0.65625	0.28125	0.015625
{1f5f3}	[1195]	1	0.671875	0.28125	0.015625
{1f5fa}	[1196]	1	0.6875	0.28125	0.015625
{1f5fb}	[1197]	1	0.703125	0.28125	0.015625
{1f5fc}	[1198]	1	0.71875	0.28125	0.015625
{1f5fd}	[1199]	1	0.734375	0.28125	0.015625
{1f5fe}	[1200]	1	0.75	0.28125	0.015625
{1f5ff}	[1201]	1	0.765625	0.28125	0.015625
{1f600}	[1202]	1	0.78125	0.28125	0.015625
{1f601}	[1203]	1	0.796875	0.28125	0.015625
{1f602}	[1204]	1	0.8125	0.28125	0.015625
{1f603}	[1205]	1	0.828125	0.28125	0.015625
{1f604}	[1206]	1	0.84375	0.28125	0.015625
{1f605}	[1207]	1	0.859375	0.28125	0.015625
{1f606}	[1208]	1	0.875	0.28125	0.015625
{1f607}	[1209]	1	0.890625	0.28125	0.015625
{1f608}	[1210]	1	0.90625	0.28125	0.015625
{1f609}	[1211]	1	0.921875	0.28125	0.015625
{1f60a}	[1212]	1	0.9375	0.28125	0.015625
{1f60b}	[1213]	1	0.953125	0.28125	0.015625
{1f60c}	[1214]	1	0.96875	0.28125	0.015625
{1f60d}	[1215]	1	0.984375	0.28125	0.015625
{1f60e}	[1216]	1	0	0.296875	0.015625
{1f60f}	[1217]	1	0.015625	0.296875	0.015625
{1f610}	[1218]	1	0.03125	0.296875	0.015625
{1f611}	[1219]	1	0.046875	0.296875	0.015625
{1f612}	[1220]	1	0.0625	0.296875	0.015625
{1f613}	[1221]	1	0.078125	0.296875	0.015625
{1f614}	[1222]	1	0.09375	0.296875	0.015625
{1f615}	[1223]	1	0.109375	0.296875	0.015625
{1f616}	[1224]	1	0.125	0.296875	0.015625
{1f617}	[1225]	1	0.140625	0.296875	0.015625
{1f618}	[1226]	1	0.15625	0.296875	0.015625
{1f619}	[1227]	1	0.171875	0.296875	0.015625
{1f61a}	[1228]	1	0.1875	0.296875	0.015625
{1f61b}	[1229]	1	0.203125	0.296875	0.015625
{1f61c}	[1230]	1	0.21875	0.296875	0.015625
{1f61d}	[1231]	1	0.234375	0.296875	0.015625
{1f61e}	[1232]	1	0.25	0.296875	0.015625
{1f61f}	[1233]	1	0.265625	0.296875	0.015625
{1f620}	[1234]	1	0.28125	0.296875	0.015625
{1f621}	[1235]	1	0.296875	0.296875	0.015625
{1f622}	[1236]	1	0.3125	0.296875	0.015625
{1f623}	[1237]	1	0.328125	0.296875	0.015625
{1f624}	[1238]	1	0.34375	0.296875	0.015625
{1f625}	[1239]	1	0.359375	0.296875	0.015625
{1f626}	[1240]	1	0.375	0.296875	0.015625
{1f627}	[1241]	1	0.390625	0.296875	0.015625
{1f628}	[1242]	1	0.40625	0.296875	0.015625
{1f629}	[1243]	1	0.421875	0.296875	0.015625
{1f62a}	[1244]	1	0.4375	0.296875	0.015625
{1f62b}	[1245]	1	0.453125	0.296875	0.015625
{1f62c}	[1246]	1	0.46875	0.296875	0.015625
{1f62d}	[1247]	1	0.484375	0.296875	0.015625
{1f62e}	[1248]	1	0.5	0.296875	0.015625
{1f62f}	[1249]	1	0.515625	0.296875	0.015625
{1f630}	[1250]	1	0.53125	0.296875	0.015625
{1f631}	[1251]	1	0.546875	0.296875	0.015625
{1f632}	[1252]	1	0.5625	0.296875	0.015625
{1f633}	[1253]	1	0.578125	0.296875	0.015625
{1f634}	[1254]	1	0.59375	0.296875	0.015625
{1f635}	[1255]	1	0.609375	0.296875	0.015625
{1f636}	[1256]	1	0.625	0.296875	0.015625
{1f637}	[1257]	1	0.640625	0.296875	0.015625
{1f638}	[1258]	1	0.65625	0.296875	0.015625
{1f639}	[1259]	1	0.671875	0.296875	0.015625
{1f63a}	[1260]	1	0.6875	0.296875	0.015625
{1f63b}	[1261]	1	0.703125	0.296875	0.015625
{1f63c}	[1262]	1	0.71875	0.296875	0.015625
{1f63d}	[1263]	1	0.734375	0.296875	0.015625
{1f63e}	[1264]	1	0.75	0.296875	0.015625
{1f63f}	[1265]	1	0.765625	0.296875	0.015625
{1f640}	[1266]	1	0.78125	0.296875	0.015625
{1f641}	[1267]	1	0.796875	0.296875	0.015625
{1f642}	[1268]	1	0.8125	0.296875	0.015625
{1f643}	[1269]	1	0.828125	0.296875	0.015625
{1f644}	[1270]	1	0.84375	0.296875	0.015625
{1f645-1f3fb}	[1271]	1	0.859375	0.296875	0.015625
{1f645-1f3fc}	[1272]	1	0.875	0.296875	0.015625
{1f645-1f3fd}	[1273]	1	0.890625	0.296875	0.015625
{1f645-1f3fe}	[1274]	1	0.90625	0.296875	0.015625
{1f645-1f3ff}	[1275]	1	0.921875	0.296875	0.015625
{1f645}	[1276]	1	0.9375	0.296875	0.015625
{1f646-1f3fb}	[1277]	1	0.953125	0.296875	0.015625
{1f646-1f3fc}	[1278]	1	0.96875	0.296875	0.015625
{1f646-1f3fd}	[1279]	1	0.984375	0.296875	0.015625
{1f646-1f3fe}	[1280]	1	0	0.3125	0.015625
{1f646-1f3ff}	[1281]	1	0.015625	0.3125	0.015625
{1f646}	[1282]	1	0.03125	0.3125	0.015625
{1f647-1f3fb}	[1283]	1	0.046875	0.3125	0.015625
{1f647-1f3fc}	[1284]	1	0.0625	0.3125	0.015625
{1f647-1f3fd}	[1285]	1	0.078125	0.3125	0.015625
{1f647-1f3fe}	[1286]	1	0.09375	0.3125	0.015625
{1f647-1f3ff}	[1287]	1	0.109375	0.3125	0.015625
{1f647}	[1288]	1	0.125	0.3125	0.015625
{1f648}	[1289]	1	0.140625	0.3125	0.015625
{1f649}	[1290]	1	0.15625	0.3125	0.015625
{1f64a}	[1291]	1	0.171875	0.3125	0.015625
{1f64b-1f3fb}	[1292]	1	0.1875	0.3125	0.015625
{1f64b-1f3fc}	[1293]	1	0.203125	0.3125	0.015625
{1f64b-1f3fd}	[1294]	1	0.21875	0.3125	0.015625
{1f64b-1f3fe}	[1295]	1	0.234375	0.3125	0.015625
{1f64b-1f3ff}	[1296]	1	0.25	0.3125	0.015625
{1f64b}	[1297]	1	0.265625	0.3125	0.015625
{1f64c-1f3fb}	[1298]	1	0.28125	0.3125	0.015625
{1f64c-1f3fc}	[1299]	1	0.296875	0.3125	0.015625
{1f64c-1f3fd}	[1300]	1	0.3125	0.3125	0.015625
{1f64c-1f3fe}	[1301]	1	0.328125	0.3125	0.015625
{1f64c-1f3ff}	[1302]	1	0.34375	0.3125	0.015625
{1f64c}	[1303]	1	0.359375	0.3125	0.015625
{1f64d-1f3fb}	[1304]	1	0.375	0.3125	0.015625
{1f64d-1f3fc}	[1305]	1	0.390625	0.3125	0.015625
{1f64d-1f3fd}	[1306]	1	0.40625	0.3125	0.015625
{1f64d-1f3fe}	[1307]	1	0.421875	0.3125	0.015625
{1f64d-1f3ff}	[1308]	1	0.4375	0.3125	0.015625
{1f64d}	[1309]	1	0.453125	0.3125	0.015625
{1f64e-1f3fb}	[1310]	1	0.46875	0.3125	0.015625
{1f64e-1f3fc}	[1311]	1	0.484375	0.3125	0.015625
{1f64e-1f3fd}	[1312]	1	0.5	0.3125	0.015625
{1f64e-1f3fe}	[1313]	1	0.515625	0.3125	0.015625
{1f64e-1f3ff}	[1314]	1	0.53125	0.3125	0.015625
{1f64e}	[1315]	1	0.546875	0.3125	0.015625
{1f64f-1f3fb}	[1316]	1	0.5625	0.3125	0.015625
{1f64f-1f3fc}	[1317]	1	0.578125	0.3125	0.015625
{1f64f-1f3fd}	[1318]	1	0.59375	0.3125	0.015625
{1f64f-1f3fe}	[1319]	1	0.609375	0.3125	0.015625
{1f64f-1f3ff}	[1320]	1	0.625	0.3125	0.015625
{1f64f}	[1321]	1	0.640625	0.3125	0.015625
{1f680}	[1322]	1	0.65625	0.3125	0.015625
{1f681}	[1323]	1	0.671875	0.3125	0.015625
{1f682}	[1324]	1	0.6875	0.3125	0.015625
{1f683}	[1325]	1	0.703125	0.3125	0.015625
{1f684}	[1326]	1	0.71875	0.3125	0.015625
{1f685}	[1327]	1	0.734375	0.3125	0.015625
{1f686}	[1328]	1	0.75	0.3125	0.015625
{1f687}	[1329]	1	0.765625	0.3125	0.015625
{1f688}	[1330]	1	0.78125	0.3125	0.015625
{1f689}	[1331]	1	0.796875	0.3125	0.015625
{1f68a}	[1332]	1	0.8125	0.3125	0.015625
{1f68b}	[1333]	1	0.828125	0.3125	0.015625
{1f68c}	[1334]	1	0.84375	0.3125	0.015625
{1f68d}	[1335]	1	0.859375	0.3125	0.015625
{1f68e}	[1336]	1	0.875	0.3125	0.015625
{1f68f}	[1337]	1	0.890625	0.3125	0.015625
{1f690}	[1338]	1	0.90625	0.3125	0.015625
{1f691}	[1339]	1	0.921875	0.3125	0.015625
{1f692}	[1340]	1	0.9375	0.3125	0.015625
{1f693}	[1341]	1	0.953125	0.3125	0.015625
{1f694}	[1342]	1	0.96875	0.3125	0.015625
{1f695}	[1343]	1	0.984375	0.3125	0.015625
{1f696}	[1344]	1	0	0.328125	0.015625
{1f697}	[1345]	1	0.015625	0.328125	0.015625
{1f698}	[1346]	1	0.03125	0.328125	0.015625
{1f699}	[1347]	1	0.046875	0.328125	0.015625
{1f69a}	[1348]	1	0.0625	0.328125	0.015625
{1f69b}	[1349]	1	0.078125	0.328125	0.015625
{1f69c}	[1350]	1	0.09375	0.328125	0.015625
{1f69d}	[1351]	1	0.109375	0.328125	0.015625
{1f69e}	[1352]	1	0.125	0.328125	0.015625
{1f69f}	[1353]	1	0.140625	0.328125	0.015625
{1f6a0}	[1354]	1	0.15625	0.328125	0.015625
{1f6a1}	[1355]	1	0.171875	0.328125	0.015625
{1f6a2}	[1356]	1	0.1875	0.328125	0.015625
{1f6a3-1f3fb}	[1357]	1	0.203125	0.328125	0.015625
{1f6a3-1f3fc}	[1358]	1	0.21875	0.328125	0.015625
{1f6a3-1f3fd}	[1359]	1	0.234375	0.328125	0.015625
{1f6a3-1f3fe}	[1360]	1	0.25	0.328125	0.015625
{1f6a3-1f3ff}	[1361]	1	0.265625	0.328125	0.015625
{1f6a3}	[1362]	1	0.28125	0.328125	0.015625
{1f6a4}	[1363]	1	0.296875	0.328125	0.015625
{1f6a5}	[1364]	1	0.3125	0.328125	0.015625
{1f6a6}	[1365]	1	0.328125	0.328125	0.015625
{1f6a7}	[1366]	1	0.34375	0.328125	0.015625
{1f6a8}	[1367]	1	0.359375	0.328125	0.015625
{1f6a9}	[1368]	1	0.375	0.328125	0.015625
{1f6aa}	[1369]	1	0.390625	0.328125	0.015625
{1f6ab}	[1370]	1	0.40625	0.328125	0.015625
{1f6ac}	[1371]	1	0.421875	0.328125	0.015625
{1f6ad}	[1372]	1	0.4375	0.328125	0.015625
{1f6ae}	[1373]	1	0.453125	0.328125	0.015625
{1f6af}	[1374]	1	0.46875	0.328125	0.015625
{1f6b0}	[1375]	1	0.484375	0.328125	0.015625
{1f6b1}	[1376]	1	0.5	0.328125	0.015625
{1f6b2}	[1377]	1	0.515625	0.328125	0.015625
{1f6b3}	[1378]	1	0.53125	0.328125	0.015625
{1f6b4-1f3fb}	[1379]	1	0.546875	0.328125	0.015625
{1f6b4-1f3fc}	[1380]	1	0.5625	0.328125	0.015625
{1f6b4-1f3fd}	[1381]	1	0.578125	0.328125	0.015625
{1f6b4-1f3fe}	[1382]	1	0.59375	0.328125	0.015625
{1f6b4-1f3ff}	[1383]	1	0.609375	0.328125	0.015625
{1f6b4}	[1384]	1	0.625	0.328125	0.015625
{1f6b5-1f3fb}	[1385]	1	0.640625	0.328125	0.015625
{1f6b5-1f3fc}	[1386]	1	0.65625	0.328125	0.015625
{1f6b5-1f3fd}	[1387]	1	0.671875	0.328125	0.015625
{1f6b5-1f3fe}	[1388]	1	0.6875	0.328125	0.015625
{1f6b5-1f3ff}	[1389]	1	0.703125	0.328125	0.015625
{1f6b5}	[1390]	1	0.71875	0.328125	0.015625
{1f6b6-1f3fb}	[1391]	1	0.734375	0.328125	0.015625
{1f6b6-1f3fc}	[1392]	1	0.75	0.328125	0.015625
{1f6b6-1f3fd}	[1393]	1	0.765625	0.328125	0.015625
{1f6b6-1f3fe}	[1394]	1	0.78125	0.328125	0.015625
{1f6b6-1f3ff}	[1395]	1	0.796875	0.328125	0.015625
{1f6b6}	[1396]	1	0.8125	0.328125	0.015625
{1f6b7}	[1397]	1	0.828125	0.328125	0.015625
{1f6b8}	[1398]	1	0.84375	0.328125	0.015625
{1f6b9}	[1399]	1	0.859375	0.328125	0.015625
{1f6ba}	[1400]	1	0.875	0.328125	0.015625
{1f6bb}	[1401]	1	0.890625	0.328125	0.015625
{1f6bc}	[1402]	1	0.90625	0.328125	0.015625
{1f6bd}	[1403]	1	0.921875	0.328125	0.015625
{1f6be}	[1404]	1	0.9375	0.328125	0.015625
{1f6bf}	[1405]	1	0.953125	0.328125	0.015625
{1f6c0-1f3fb}	[1406]	1	0.96875	0.328125	0.015625
{1f6c0-1f3fc}	[1407]	1	0.984375	0.328125	0.015625
{1f6c0-1f3fd}	[1408]	1	0	0.34375	0.015625
{1f6c0-1f3fe}	[1409]	1	0.015625	0.34375	0.015625
{1f6c0-1f3ff}	[1410]	1	0.03125	0.34375	0.015625
{1f6c0}	[1411]	1	0.046875	0.34375	0.015625
{1f6c1}	[1412]	1	0.0625	0.34375	0.015625
{1f6c2}	[1413]	1	0.078125	0.34375	0.015625
{1f6c3}	[1414]	1	0.09375	0.34375	0.015625
{1f6c4}	[1415]	1	0.109375	0.34375	0.015625
{1f6c5}	[1416]	1	0.125	0.34375	0.015625
{1f6cb}	[1417]	1	0.140625	0.34375	0.015625
{1f6cc}	[1418]	1	0.15625	0.34375	0.015625
{1f6cd}	[1419]	1	0.171875	0.34375	0.015625
{1f6ce}	[1420]	1	0.1875	0.34375	0.015625
{1f6cf}	[1421]	1	0.203125	0.34375	0.015625
{1f6d0}	[1422]	1	0.21875	0.34375	0.015625
{1f6e0}	[1423]	1	0.234375	0.34375	0.015625
{1f6e1}	[1424]	1	0.25	0.34375	0.015625
{1f6e2}	[1425]	1	0.265625	0.34375	0.015625
{1f6e3}	[1426]	1	0.28125	0.34375	0.015625
{1f6e4}	[1427]	1	0.296875	0.34375	0.015625
{1f6e5}	[1428]	1	0.3125	0.34375	0.015625
{1f6e9}	[1429]	1	0.328125	0.34375	0.015625
{1f6eb}	[1430]	1	0.34375	0.34375	0.015625
{1f6ec}	[1431]	1	0.359375	0.34375	0.015625
{1f6f0}	[1432]	1	0.375	0.34375	0.015625
{1f6f3}	[1433]	1	0.390625	0.34375	0.015625
{1f910}	[1434]	1	0.40625	0.34375	0.015625
{1f911}	[1435]	1	0.421875	0.34375	0.015625
{1f912}	[1436]	1	0.4375	0.34375	0.015625
{1f913}	[1437]	1	0.453125	0.34375	0.015625
{1f914}	[1438]	1	0.46875	0.34375	0.015625
{1f915}	[1439]	1	0.484375	0.34375	0.015625
{1f916}	[1440]	1	0.5	0.34375	0.015625
{1f917}	[1441]	1	0.515625	0.34375	0.015625
{1f918-1f3fb}	[1442]	1	0.53125	0.34375	0.015625
{1f918-1f3fc}	[1443]	1	0.546875	0.34375	0.015625
{1f918-1f3fd}	[1444]	1	0.5625	0.34375	0.015625
{1f918-1f3fe}	[1445]	1	0.578125	0.34375	0.015625
{1f918-1f3ff}	[1446]	1	0.59375	0.34375	0.015625
{1f918}	[1447]	1	0.609375	0.34375	0.015625
{1f980}	[1448]	1	0.625	0.34375	0.015625
{1f981}	[1449]	1	0.640625	0.34375	0.015625
{1f982}	[1450]	1	0.65625	0.34375	0.015625
{1f983}	[1451]	1	0.671875	0.34375	0.015625
{1f984}	[1452]	1	0.6875	0.34375	0.015625
{1f9c0}	[1453]	1	0.703125	0.34375	0.015625
{203c}	[1454]	1	0.71875	0.34375	0.015625
{2049}	[1455]	1	0.734375	0.34375	0.015625
{2122}	[1456]	1	0.75	0.34375	0.015625
{2139}	[1457]	1	0.765625	0.34375	0.015625
{2194}	[1458]	1	0.78125	0.34375	0.015625
{2195}	[1459]	1	0.796875	0.34375	0.015625
{2196}	[1460]	1	0.8125	0.34375	0.015625
{2197}	[1461]	1	0.828125	0.34375	0.015625
{2198}	[1462]	1	0.84375	0.34375	0.015625
{2199}	[1463]	1	0.859375	0.34375	0.015625
{21a9}	[1464]	1	0.875	0.34375	0.015625
{21aa}	[1465]	1	0.890625	0.34375	0.015625
{23-20e3}	[1466]	1	0.90625	0.34375	0.015625
{231a}	[1467]	1	0.921875	0.34375	0.015625
{231b}	[1468]	1	0.9375	0.34375	0.015625
{2328}	[1469]	1	0.953125	0.34375	0.015625
{23cf}	[1470]	1	0.96875	0.34375	0.015625
{23e9}	[1471]	1	0.984375	0.34375	0.015625
{23ea}	[1472]	1	0	0.359375	0.015625
{23eb}	[1473]	1	0.015625	0.359375	0.015625
{23ec}	[1474]	1	0.03125	0.359375	0.015625
{23ed}	[1475]	1	0.046875	0.359375	0.015625
{23ee}	[1476]	1	0.0625	0.359375	0.015625
{23ef}	[1477]	1	0.078125	0.359375	0.015625
{23f0}	[1478]	1	0.09375	0.359375	0.015625
{23f1}	[1479]	1	0.109375	0.359375	0.015625
{23f2}	[1480]	1	0.125	0.359375	0.015625
{23f3}	[1481]	1	0.140625	0.359375	0.015625
{23f8}	[1482]	1	0.15625	0.359375	0.015625
{23f9}	[1483]	1	0.171875	0.359375	0.015625
{23fa}	[1484]	1	0.1875	0.359375	0.015625
{24c2}	[1485]	1	0.203125	0.359375	0.015625
{25aa}	[1486]	1	0.21875	0.359375	0.015625
{25ab}	[1487]	1	0.234375	0.359375	0.015625
{25b6}	[1488]	1	0.25	0.359375	0.015625
{25c0}	[1489]	1	0.265625	0.359375	0.015625
{25fb}	[1490]	1	0.28125	0.359375	0.015625
{25fc}	[1491]	1	0.296875	0.359375	0.015625
{25fd}	[1492]	1	0.3125	0.359375	0.015625
{25fe}	[1493]	1	0.328125	0.359375	0.015625
{2600}	[1494]	1	0.34375	0.359375	0.015625
{2601}	[1495]	1	0.359375	0.359375	0.015625
{2602}	[1496]	1	0.375	0.359375	0.015625
{2603}	[1497]	1	0.390625	0.359375	0.015625
{2604}	[1498]	1	0.40625	0.359375	0.015625
{260e}	[1499]	1	0.421875	0.359375	0.015625
{2611}	[1500]	1	0.4375	0.359375	0.015625
{2614}	[1501]	1	0.453125	0.359375	0.015625
{2615}	[1502]	1	0.46875	0.359375	0.015625
{2618}	[1503]	1	0.484375	0.359375	0.015625
{261d-1f3fb}	[1504]	1	0.5	0.359375	0.015625
{261d-1f3fc}	[1505]	1	0.515625	0.359375	0.015625
{261d-1f3fd}	[1506]	1	0.53125	0.359375	0.015625
{261d-1f3fe}	[1507]	1	0.546875	0.359375	0.015625
{261d-1f3ff}	[1508]	1	0.5625	0.359375	0.015625
{261d}	[1509]	1	0.578125	0.359375	0.015625
{2620}	[1510]	1	0.59375	0.359375	0.015625
{2622}	[1511]	1	0.609375	0.359375	0.015625
{2623}	[1512]	1	0.625	0.359375	0.015625
{2626}	[1513]	1	0.640625	0.359375	0.015625
{262a}	[1514]	1	0.65625	0.359375	0.015625
{262e}	[1515]	1	0.671875	0.359375	0.015625
{262f}	[1516]	1	0.6875	0.359375	0.015625
{2638}	[1517]	1	0.703125	0.359375	0.015625
{2639}	[1518]	1	0.71875	0.359375	0.015625
{263a}	[1519]	1	0.734375	0.359375	0.015625
{2648}	[1520]	1	0.75	0.359375	0.015625
{2649}	[1521]	1	0.765625	0.359375	0.015625
{264a}	[1522]	1	0.78125	0.359375	0.015625
{264b}	[1523]	1	0.796875	0.359375	0.015625
{264c}	[1524]	1	0.8125	0.359375	0.015625
{264d}	[1525]	1	0.828125	0.359375	0.015625
{264e}	[1526]	1	0.84375	0.359375	0.015625
{264f}	[1527]	1	0.859375	0.359375	0.015625
{2650}	[1528]	1	0.875	0.359375	0.015625
{2651}	[1529]	1	0.890625	0.359375	0.015625
{2652}	[1530]	1	0.90625	0.359375	0.015625
{2653}	[1531]	1	0.921875	0.359375	0.015625
{2660}	[1532]	1	0.9375	0.359375	0.015625
{2663}	[1533]	1	0.953125	0.359375	0.015625
{2665}	[1534]	1	0.96875	0.359375	0.015625
{2666}	[1535]	1	0.984375	0.359375	0.015625
{2668}	[1536]	1	0	0.375	0.015625
{267b}	[1537]	1	0.015625	0.375	0.015625
{267f}	[1538]	1	0.03125	0.375	0.015625
{2692}	[1539]	1	0.046875	0.375	0.015625
{2693}	[1540]	1	0.0625	0.375	0.015625
{2694}	[1541]	1	0.078125	0.375	0.015625
{2696}	[1542]	1	0.09375	0.375	0.015625
{2697}	[1543]	1	0.109375	0.375	0.015625
{2699}	[1544]	1	0.125	0.375	0.015625
{269b}	[1545]	1	0.140625	0.375	0.015625
{269c}	[1546]	1	0.15625	0.375	0.015625
{26a0}	[1547]	1	0.171875	0.375	0.015625
{26a1}	[1548]	1	0.1875	0.375	0.015625
{26aa}	[1549]	1	0.203125	0.375	0.015625
{26ab}	[1550]	1	0.21875	0.375	0.015625
{26b0}	[1551]	1	0.234375	0.375	0.015625
{26b1}	[1552]	1	0.25	0.375	0.015625
{26bd}	[1553]	1	0.265625	0.375	0.015625
{26be}	[1554]	1	0.28125	0.375	0.015625
{26c4}	[1555]	1	0.296875	0.375	0.015625
{26c5}	[1556]	1	0.3125	0.375	0.015625
{26c8}	[1557]	1	0.328125	0.375	0.015625
{26ce}	[1558]	1	0.34375	0.375	0.015625
{26cf}	[1559]	1	0.359375	0.375	0.015625
{26d1}	[1560]	1	0.375	0.375	0.015625
{26d3}	[1561]	1	0.390625	0.375	0.015625
{26d4}	[1562]	1	0.40625	0.375	0.015625
{26e9}	[1563]	1	0.421875	0.375	0.015625
{26ea}	[1564]	1	0.4375	0.375	0.015625
{26f0}	[1565]	1	0.453125	0.375	0.015625
{26f1}	[1566]	1	0.46875	0.375	0.015625
{26f2}	[1567]	1	0.484375	0.375	0.015625
{26f3}	[1568]	1	0.5	0.375	0.015625
{26f4}	[1569]	1	0.515625	0.375	0.015625
{26f5}	[1570]	1	0.53125	0.375	0.015625
{26f7}	[1571]	1	0.546875	0.375	0.015625
{26f8}	[1572]	1	0.5625	0.375	0.015625
{26f9-1f3fb}	[1573]	1	0.578125	0.375	0.015625
{26f9-1f3fc}	[1574]	1	0.59375	0.375	0.015625
{26f9-1f3fd}	[1575]	1	0.609375	0.375	0.015625
{26f9-1f3fe}	[1576]	1	0.625	0.375	0.015625
{26f9-1f3ff}	[1577]	1	0.640625	0.375	0.015625
{26f9}	[1578]	1	0.65625	0.375	0.015625
{26fa}	[1579]	1	0.671875	0.375	0.015625
{26fd}	[1580]	1	0.6875	0.375	0.015625
{2702}	[1581]	1	0.703125	0.375	0.015625
{2705}	[1582]	1	0.71875	0.375	0.015625
{2708}	[1583]	1	0.734375	0.375	0.015625
{2709}	[1584]	1	0.75	0.375	0.015625
{270a-1f3fb}	[1585]	1	0.765625	0.375	0.015625
{270a-1f3fc}	[1586]	1	0.78125	0.375	0.015625
{270a-1f3fd}	[1587]	1	0.796875	0.375	0.015625
{270a-1f3fe}	[1588]	1	0.8125	0.375	0.015625
{270a-1f3ff}	[1589]	1	0.828125	0.375	0.015625
{270a}	[1590]	1	0.84375	0.375	0.015625
{270b-1f3fb}	[1591]	1	0.859375	0.375	0.015625
{270b-1f3fc}	[1592]	1	0.875	0.375	0.015625
{270b-1f3fd}	[1593]	1	0.890625	0.375	0.015625
{270b-1f3fe}	[1594]	1	0.90625	0.375	0.015625
{270b-1f3ff}	[1595]	1	0.921875	0.375	0.015625
{270b}	[1596]	1	0.9375	0.375	0.015625
{270c-1f3fb}	[1597]	1	0.953125	0.375	0.015625
{270c-1f3fc}	[1598]	1	0.96875	0.375	0.015625
{270c-1f3fd}	[1599]	1	0.984375	0.375	0.015625
{270c-1f3fe}	[1600]	1	0	0.390625	0.015625
{270c-1f3ff}	[1601]	1	0.015625	0.390625	0.015625
{270c}	[1602]	1	0.03125	0.390625	0.015625
{270d-1f3fb}	[1603]	1	0.046875	0.390625	0.015625
{270d-1f3fc}	[1604]	1	0.0625	0.390625	0.015625
{270d-1f3fd}	[1605]	1	0.078125	0.390625	0.015625
{270d-1f3fe}	[1606]	1	0.09375	0.390625	0.015625
{270d-1f3ff}	[1607]	1	0.109375	0.390625	0.015625
{270d}	[1608]	1	0.125	0.390625	0.015625
{270f}	[1609]	1	0.140625	0.390625	0.015625
{2712}	[1610]	1	0.15625	0.390625	0.015625
{2714}	[1611]	1	0.171875	0.390625	0.015625
{2716}	[1612]	1	0.1875	0.390625	0.015625
{271d}	[1613]	1	0.203125	0.390625	0.015625
{2721}	[1614]	1	0.21875	0.390625	0.015625
{2728}	[1615]	1	0.234375	0.390625	0.015625
{2733}	[1616]	1	0.25	0.390625	0.015625
{2734}	[1617]	1	0.265625	0.390625	0.015625
{2744}	[1618]	1	0.28125	0.390625	0.015625
{2747}	[1619]	1	0.296875	0.390625	0.015625
{274c}	[1620]	1	0.3125	0.390625	0.015625
{274e}	[1621]	1	0.328125	0.390625	0.015625
{2753}	[1622]	1	0.34375	0.390625	0.015625
{2754}	[1623]	1	0.359375	0.390625	0.015625
{2755}	[1624]	1	0.375	0.390625	0.015625
{2757}	[1625]	1	0.390625	0.390625	0.015625
{2763}	[1626]	1	0.40625	0.390625	0.015625
{2764}	[1627]	1	0.421875	0.390625	0.015625
{2795}	[1628]	1	0.4375	0.390625	0.015625
{2796}	[1629]	1	0.453125	0.390625	0.015625
{2797}	[1630]	1	0.46875	0.390625	0.015625
{27a1}	[1631]	1	0.484375	0.390625	0.015625
{27b0}	[1632]	1	0.5	0.390625	0.015625
{27bf}	[1633]	1	0.515625	0.390625	0.015625
{2934}	[1634]	1	0.53125	0.390625	0.015625
{2935}	[1635]	1	0.546875	0.390625	0.015625
{2a-20e3}	[1636]	1	0.5625	0.390625	0.015625
{2b05}	[1637]	1	0.578125	0.390625	0.015625
{2b06}	[1638]	1	0.59375	0.390625	0.015625
{2b07}	[1639]	1	0.609375	0.390625	0.015625
{2b1b}	[1640]	1	0.625	0.390625	0.015625
{2b1c}	[1641]	1	0.640625	0.390625	0.015625
{2b50}	[1642]	1	0.65625	0.390625	0.015625
{2b55}	[1643]	1	0.671875	0.390625	0.015625
{30-20e3}	[1644]	1	0.6875	0.390625	0.015625
{3030}	[1645]	1	0.703125	0.390625	0.015625
{303d}	[1646]	1	0.71875	0.390625	0.015625
{31-20e3}	[1647]	1	0.734375	0.390625	0.015625
{32-20e3}	[1648]	1	0.75	0.390625	0.015625
{3297}	[1649]	1	0.765625	0.390625	0.015625
{3299}	[1650]	1	0.78125	0.390625	0.015625
{33-20e3}	[1651]	1	0.796875	0.390625	0.015625
{34-20e3}	[1652]	1	0.8125	0.390625	0.015625
{35-20e3}	[1653]	1	0.828125	0.390625	0.015625
{36-20e3}	[1654]	1	0.84375	0.390625	0.015625
{37-20e3}	[1655]	1	0.859375	0.390625	0.015625
{38-20e3}	[1656]	1	0.875	0.390625	0.015625
{39-20e3}	[1657]	1	0.890625	0.390625	0.015625
{a9}	[1658]	1	0.90625	0.390625	0.015625
{ae}	[1659]	1	0.921875	0.390625	0.015625
{e50a}	[1660]	1	0.9375	0.390625	0.015625
